MTrackJ 1.5.1 Data File
Displaying true true true 1 2 0 0 100 10 0 0 0 2 1 12 0 true false false false
Assembly 1 FF0000
Cluster 1 FF0000
Track 1 FF0000 true
Point 1 862.3474178403756 524.3192488262911 1.0 82.0 1.0
Point 2 862.3474178403756 524.3192488262911 1.0 83.0 1.0
Point 3 863.8497652582159 524.3192488262911 1.0 84.0 1.0
Point 4 865.3521126760563 522.8169014084507 1.0 85.0 1.0
Point 5 865.3521126760563 522.8169014084507 1.0 86.0 1.0
Point 6 865.3521126760563 522.8169014084507 1.0 87.0 1.0
Point 7 865.3521126760563 522.8169014084507 1.0 88.0 1.0
Point 8 865.3521126760563 519.8122065727699 1.0 89.0 1.0
Point 9 865.3521126760563 519.8122065727699 1.0 90.0 1.0
Point 10 865.3521126760563 519.8122065727699 1.0 91.0 1.0
Point 11 865.3521126760563 513.8028169014084 1.0 92.0 1.0
Point 12 865.3521126760563 516.8075117370892 1.0 93.0 1.0
Point 13 865.3521126760563 516.8075117370892 1.0 94.0 1.0
Point 14 868.3568075117371 515.3051643192488 1.0 95.0 1.0
Point 15 871.3615023474179 515.3051643192488 1.0 96.0 1.0
Point 16 869.8591549295775 515.3051643192488 1.0 97.0 1.0
Point 17 869.8591549295775 513.8028169014084 1.0 98.0 1.0
Point 18 872.8638497652582 513.8028169014084 1.0 99.0 1.0
Point 19 872.8638497652582 513.8028169014084 1.0 100.0 1.0
Point 20 872.8638497652582 513.8028169014084 1.0 101.0 1.0
Point 21 874.3661971830985 513.8028169014084 1.0 102.0 1.0
Point 22 874.3661971830985 513.8028169014084 1.0 103.0 1.0
Point 23 875.8685446009389 513.8028169014084 1.0 104.0 1.0
Point 24 875.8685446009389 513.8028169014084 1.0 105.0 1.0
Point 25 875.8685446009389 513.8028169014084 1.0 106.0 1.0
Point 26 875.8685446009389 513.8028169014084 1.0 107.0 1.0
Point 27 875.8685446009389 513.8028169014084 1.0 108.0 1.0
Point 28 875.8685446009389 513.8028169014084 1.0 109.0 1.0
Point 29 875.8685446009389 516.8075117370892 1.0 110.0 1.0
Point 30 875.8685446009389 516.8075117370892 1.0 111.0 1.0
Point 31 875.8685446009389 519.8122065727699 1.0 112.0 1.0
Point 32 874.3661971830985 519.8122065727699 1.0 113.0 1.0
Point 33 874.3661971830985 519.8122065727699 1.0 114.0 1.0
Point 34 874.3661971830985 519.8122065727699 1.0 115.0 1.0
Point 35 872.8638497652582 524.3192488262911 1.0 116.0 1.0
Point 36 871.3615023474179 524.3192488262911 1.0 117.0 1.0
Point 37 871.3615023474179 524.3192488262911 1.0 118.0 1.0
Point 38 868.3568075117371 528.8262910798122 1.0 119.0 1.0
Point 39 866.8544600938967 530.3286384976526 1.0 120.0 1.0
Point 40 866.8544600938967 530.3286384976526 1.0 121.0 1.0
Point 41 866.8544600938967 530.3286384976526 1.0 122.0 1.0
Point 42 866.8544600938967 530.3286384976526 1.0 123.0 1.0
Point 43 865.3521126760563 531.830985915493 1.0 124.0 1.0
Point 44 865.3521126760563 531.830985915493 1.0 125.0 1.0
Point 45 865.3521126760563 534.8356807511736 1.0 126.0 1.0
Point 46 865.3521126760563 533.3333333333334 1.0 127.0 1.0
Point 47 865.3521126760563 533.3333333333334 1.0 128.0 1.0
Point 48 865.3521126760563 533.3333333333334 1.0 129.0 1.0
Point 49 865.3521126760563 533.3333333333334 1.0 130.0 1.0
Point 50 866.8544600938967 533.3333333333334 1.0 131.0 1.0
Point 51 866.8544600938967 533.3333333333334 1.0 132.0 1.0
Point 52 866.8544600938967 533.3333333333334 1.0 133.0 1.0
Point 53 866.8544600938967 533.3333333333334 1.0 134.0 1.0
Point 54 869.8591549295775 534.8356807511736 1.0 135.0 1.0
Point 55 869.8591549295775 534.8356807511736 1.0 136.0 1.0
Point 56 872.8638497652582 534.8356807511736 1.0 137.0 1.0
Point 57 872.8638497652582 534.8356807511736 1.0 138.0 1.0
Point 58 872.8638497652582 534.8356807511736 1.0 139.0 1.0
Point 59 872.8638497652582 534.8356807511736 1.0 140.0 1.0
Point 60 877.3708920187793 533.3333333333334 1.0 141.0 1.0
Point 61 877.3708920187793 533.3333333333334 1.0 142.0 1.0
Point 62 877.3708920187793 533.3333333333334 1.0 143.0 1.0
Point 63 877.3708920187793 533.3333333333334 1.0 144.0 1.0
Point 64 877.3708920187793 533.3333333333334 1.0 145.0 1.0
Point 65 875.8685446009389 533.3333333333334 1.0 146.0 1.0
Point 66 875.8685446009389 531.830985915493 1.0 147.0 1.0
Point 67 875.8685446009389 531.830985915493 1.0 148.0 1.0
Point 68 875.8685446009389 531.830985915493 1.0 149.0 1.0
Point 69 871.3615023474179 525.8215962441315 1.0 150.0 1.0
Point 70 869.8591549295775 525.8215962441315 1.0 151.0 1.0
Point 71 871.3615023474179 525.8215962441315 1.0 152.0 1.0
Point 72 869.8591549295775 525.8215962441315 1.0 153.0 1.0
Point 73 866.8544600938967 525.8215962441315 1.0 154.0 1.0
Point 74 866.8544600938967 525.8215962441315 1.0 155.0 1.0
Point 75 863.8497652582159 525.8215962441315 1.0 156.0 1.0
Point 76 863.8497652582159 525.8215962441315 1.0 157.0 1.0
Point 77 863.8497652582159 525.8215962441315 1.0 158.0 1.0
Point 78 863.8497652582159 525.8215962441315 1.0 159.0 1.0
Point 79 863.8497652582159 524.3192488262911 1.0 160.0 1.0
Point 80 862.3474178403756 524.3192488262911 1.0 161.0 1.0
Point 81 860.8450704225352 522.8169014084507 1.0 162.0 1.0
Point 82 862.3474178403756 522.8169014084507 1.0 163.0 1.0
Point 83 862.3474178403756 522.8169014084507 1.0 164.0 1.0
Point 84 862.3474178403756 522.8169014084507 1.0 165.0 1.0
Point 85 865.3521126760563 522.8169014084507 1.0 166.0 1.0
Point 86 865.3521126760563 522.8169014084507 1.0 167.0 1.0
Point 87 865.3521126760563 522.8169014084507 1.0 168.0 1.0
Point 88 866.8544600938967 522.8169014084507 1.0 169.0 1.0
Point 89 868.3568075117371 522.8169014084507 1.0 170.0 1.0
Point 90 868.3568075117371 522.8169014084507 1.0 171.0 1.0
Point 91 868.3568075117371 522.8169014084507 1.0 172.0 1.0
Point 92 869.8591549295775 522.8169014084507 1.0 173.0 1.0
Point 93 869.8591549295775 522.8169014084507 1.0 174.0 1.0
Point 94 869.8591549295775 522.8169014084507 1.0 175.0 1.0
Point 95 868.3568075117371 527.3239436619718 1.0 176.0 1.0
Point 96 868.3568075117371 527.3239436619718 1.0 177.0 1.0
Point 97 868.3568075117371 530.3286384976526 1.0 178.0 1.0
Point 98 868.3568075117371 533.3333333333334 1.0 179.0 1.0
Point 99 868.3568075117371 533.3333333333334 1.0 180.0 1.0
Point 100 865.3521126760563 536.338028169014 1.0 181.0 1.0
Point 101 865.3521126760563 537.8403755868544 1.0 182.0 1.0
Point 102 865.3521126760563 537.8403755868544 1.0 183.0 1.0
Point 103 863.8497652582159 537.8403755868544 1.0 184.0 1.0
Point 104 862.3474178403756 537.8403755868544 1.0 185.0 1.0
Point 105 860.8450704225352 537.8403755868544 1.0 186.0 1.0
Point 106 857.8403755868544 537.8403755868544 1.0 187.0 1.0
Point 107 857.8403755868544 537.8403755868544 1.0 188.0 1.0
Point 108 857.8403755868544 537.8403755868544 1.0 189.0 1.0
Point 109 854.8356807511736 537.8403755868544 1.0 190.0 1.0
Point 110 854.8356807511736 537.8403755868544 1.0 191.0 1.0
Point 111 856.338028169014 537.8403755868544 1.0 192.0 1.0
Point 112 856.338028169014 537.8403755868544 1.0 193.0 1.0
Point 113 856.338028169014 537.8403755868544 1.0 194.0 1.0
Point 114 856.338028169014 537.8403755868544 1.0 195.0 1.0
Point 115 856.338028169014 537.8403755868544 1.0 196.0 1.0
Point 116 856.338028169014 537.8403755868544 1.0 197.0 1.0
Point 117 857.8403755868544 537.8403755868544 1.0 198.0 1.0
Point 118 859.3427230046948 537.8403755868544 1.0 199.0 1.0
Point 119 859.3427230046948 537.8403755868544 1.0 200.0 1.0
Point 120 860.8450704225352 537.8403755868544 1.0 201.0 1.0
Point 121 862.3474178403756 537.8403755868544 1.0 202.0 1.0
Point 122 862.3474178403756 537.8403755868544 1.0 203.0 1.0
Point 123 862.3474178403756 537.8403755868544 1.0 204.0 1.0
Point 124 862.3474178403756 537.8403755868544 1.0 205.0 1.0
Point 125 865.3521126760563 537.8403755868544 1.0 206.0 1.0
Point 126 865.3521126760563 537.8403755868544 1.0 207.0 1.0
Point 127 865.3521126760563 536.338028169014 1.0 208.0 1.0
Point 128 862.3474178403756 536.338028169014 1.0 209.0 1.0
Point 129 863.8497652582159 536.338028169014 1.0 210.0 1.0
Point 130 857.8403755868544 531.830985915493 1.0 211.0 1.0
Point 131 857.8403755868544 531.830985915493 1.0 212.0 1.0
Point 132 857.8403755868544 531.830985915493 1.0 213.0 1.0
Point 133 856.338028169014 530.3286384976526 1.0 214.0 1.0
Point 134 851.8309859154929 530.3286384976526 1.0 215.0 1.0
Point 135 847.3239436619718 530.3286384976526 1.0 216.0 1.0
Point 136 847.3239436619718 530.3286384976526 1.0 217.0 1.0
Point 137 842.8169014084507 530.3286384976526 1.0 218.0 1.0
Point 138 842.8169014084507 530.3286384976526 1.0 219.0 1.0
Point 139 839.8122065727699 531.830985915493 1.0 220.0 1.0
Point 140 839.8122065727699 531.830985915493 1.0 221.0 1.0
Point 141 839.8122065727699 531.830985915493 1.0 222.0 1.0
Point 142 839.8122065727699 531.830985915493 1.0 223.0 1.0
Point 143 839.8122065727699 531.830985915493 1.0 224.0 1.0
Point 144 839.8122065727699 531.830985915493 1.0 225.0 1.0
Point 145 839.8122065727699 531.830985915493 1.0 226.0 1.0
Point 146 839.8122065727699 531.830985915493 1.0 227.0 1.0
Point 147 842.8169014084507 531.830985915493 1.0 228.0 1.0
Point 148 842.8169014084507 531.830985915493 1.0 229.0 1.0
Point 149 842.8169014084507 531.830985915493 1.0 230.0 1.0
Point 150 842.8169014084507 531.830985915493 1.0 231.0 1.0
Point 151 842.8169014084507 531.830985915493 1.0 232.0 1.0
Point 152 842.8169014084507 531.830985915493 1.0 233.0 1.0
Point 153 848.8262910798122 528.8262910798122 1.0 234.0 1.0
Point 154 848.8262910798122 528.8262910798122 1.0 235.0 1.0
Point 155 848.8262910798122 528.8262910798122 1.0 236.0 1.0
Point 156 847.3239436619718 531.830985915493 1.0 237.0 1.0
Point 157 845.8215962441315 534.8356807511736 1.0 238.0 1.0
Point 158 844.3192488262911 537.8403755868544 1.0 239.0 1.0
Point 159 844.3192488262911 537.8403755868544 1.0 240.0 1.0
Point 160 839.8122065727699 545.3521126760563 1.0 241.0 1.0
Point 161 836.8075117370892 545.3521126760563 1.0 242.0 1.0
Point 162 836.8075117370892 545.3521126760563 1.0 243.0 1.0
Point 163 832.300469483568 545.3521126760563 1.0 244.0 1.0
Point 164 830.7981220657276 545.3521126760563 1.0 245.0 1.0
Point 165 827.793427230047 545.3521126760563 1.0 246.0 1.0
Point 166 827.793427230047 545.3521126760563 1.0 247.0 1.0
Point 167 827.793427230047 545.3521126760563 1.0 248.0 1.0
Point 168 823.2863849765258 545.3521126760563 1.0 249.0 1.0
Point 169 823.2863849765258 545.3521126760563 1.0 250.0 1.0
Point 170 823.2863849765258 546.8544600938967 1.0 251.0 1.0
Point 171 820.2816901408451 548.3568075117371 1.0 252.0 1.0
Point 172 818.7793427230047 548.3568075117371 1.0 253.0 1.0
Point 173 815.7746478873239 551.3615023474179 1.0 254.0 1.0
Point 174 815.7746478873239 551.3615023474179 1.0 255.0 1.0
Point 175 815.7746478873239 555.868544600939 1.0 256.0 1.0
Point 176 815.7746478873239 555.868544600939 1.0 257.0 1.0
Point 177 818.7793427230047 552.8638497652582 1.0 258.0 1.0
Point 178 818.7793427230047 552.8638497652582 1.0 259.0 1.0
Point 179 818.7793427230047 552.8638497652582 1.0 260.0 1.0
Point 180 818.7793427230047 552.8638497652582 1.0 261.0 1.0
Point 181 821.7840375586854 561.8779342723004 1.0 262.0 1.0
Point 182 821.7840375586854 561.8779342723004 1.0 263.0 1.0
Point 183 821.7840375586854 561.8779342723004 1.0 264.0 1.0
Point 184 821.7840375586854 561.8779342723004 1.0 265.0 1.0
Point 185 821.7840375586854 561.8779342723004 1.0 266.0 1.0
Point 186 821.7840375586854 560.37558685446 1.0 267.0 1.0
Point 187 821.7840375586854 558.8732394366197 1.0 268.0 1.0
Point 188 821.7840375586854 549.8591549295775 1.0 269.0 1.0
Point 189 821.7840375586854 554.3661971830986 1.0 270.0 1.0
Point 190 821.7840375586854 552.8638497652582 1.0 271.0 1.0
Point 191 821.7840375586854 552.8638497652582 1.0 272.0 1.0
Point 192 821.7840375586854 554.3661971830986 1.0 273.0 1.0
Point 193 814.2723004694835 551.3615023474179 1.0 274.0 1.0
Point 194 814.2723004694835 551.3615023474179 1.0 275.0 1.0
Point 195 802.2535211267606 549.8591549295775 1.0 276.0 1.0
Point 196 805.2582159624413 555.868544600939 1.0 277.0 1.0
Point 197 800.7511737089202 554.3661971830986 1.0 278.0 1.0
Point 198 793.2394366197183 554.3661971830986 1.0 279.0 1.0
Point 199 793.2394366197183 554.3661971830986 1.0 280.0 1.0
Point 200 791.7370892018779 551.3615023474179 1.0 281.0 1.0
Point 201 791.7370892018779 551.3615023474179 1.0 282.0 1.0
Point 202 787.2300469483567 551.3615023474179 1.0 283.0 1.0
Point 203 787.2300469483567 551.3615023474179 1.0 284.0 1.0
Point 204 785.7276995305164 551.3615023474179 1.0 285.0 1.0
Point 205 784.225352112676 551.3615023474179 1.0 286.0 1.0
Point 206 781.2206572769953 551.3615023474179 1.0 287.0 1.0
Point 207 781.2206572769953 549.8591549295775 1.0 288.0 1.0
Point 208 781.2206572769953 549.8591549295775 1.0 289.0 1.0
Point 209 781.2206572769953 549.8591549295775 1.0 290.0 1.0
Point 210 784.225352112676 546.8544600938967 1.0 291.0 1.0
Point 211 784.225352112676 546.8544600938967 1.0 292.0 1.0
Point 212 784.225352112676 546.8544600938967 1.0 293.0 1.0
Point 213 784.225352112676 546.8544600938967 1.0 294.0 1.0
Point 214 784.225352112676 546.8544600938967 1.0 295.0 1.0
Point 215 784.225352112676 546.8544600938967 1.0 296.0 1.0
Point 216 784.225352112676 546.8544600938967 1.0 297.0 1.0
Point 217 785.7276995305164 549.8591549295775 1.0 298.0 1.0
Point 218 785.7276995305164 551.3615023474179 1.0 299.0 1.0
Point 219 785.7276995305164 554.3661971830986 1.0 300.0 1.0
Point 220 779.7183098591549 555.868544600939 1.0 301.0 1.0
Point 221 775.2112676056338 552.8638497652582 1.0 302.0 1.0
Point 222 772.206572769953 552.8638497652582 1.0 303.0 1.0
Point 223 770.7042253521126 552.8638497652582 1.0 304.0 1.0
Point 224 769.2018779342723 552.8638497652582 1.0 305.0 1.0
Point 225 769.2018779342723 552.8638497652582 1.0 306.0 1.0
Point 226 763.1924882629107 552.8638497652582 1.0 307.0 1.0
Point 227 757.1830985915493 552.8638497652582 1.0 308.0 1.0
Point 228 754.1784037558685 555.868544600939 1.0 309.0 1.0
Point 229 754.1784037558685 555.868544600939 1.0 310.0 1.0
Point 230 754.1784037558685 555.868544600939 1.0 311.0 1.0
Point 231 746.6666666666666 558.8732394366197 1.0 312.0 1.0
Point 232 739.1549295774647 563.3802816901408 1.0 313.0 1.0
Point 233 740.6572769953051 563.3802816901408 1.0 314.0 1.0
Point 234 740.6572769953051 563.3802816901408 1.0 315.0 1.0
Point 235 740.6572769953051 563.3802816901408 1.0 316.0 1.0
Point 236 739.1549295774647 567.887323943662 1.0 317.0 1.0
Point 237 739.1549295774647 569.3896713615023 1.0 318.0 1.0
Point 238 739.1549295774647 569.3896713615023 1.0 319.0 1.0
Point 239 742.1596244131455 569.3896713615023 1.0 320.0 1.0
Point 240 742.1596244131455 569.3896713615023 1.0 321.0 1.0
Point 241 742.1596244131455 572.3943661971831 1.0 322.0 1.0
Point 242 742.1596244131455 573.8967136150235 1.0 323.0 1.0
Point 243 740.6572769953051 575.3990610328639 1.0 324.0 1.0
Point 244 740.6572769953051 575.3990610328639 1.0 325.0 1.0
Point 245 740.6572769953051 575.3990610328639 1.0 326.0 1.0
Point 246 740.6572769953051 576.9014084507043 1.0 327.0 1.0
Point 247 740.6572769953051 576.9014084507043 1.0 328.0 1.0
Point 248 740.6572769953051 576.9014084507043 1.0 329.0 1.0
Point 249 740.6572769953051 576.9014084507043 1.0 330.0 1.0
Point 250 734.6478873239437 579.9061032863849 1.0 331.0 1.0
Point 251 734.6478873239437 579.9061032863849 1.0 332.0 1.0
Point 252 734.6478873239437 579.9061032863849 1.0 333.0 1.0
Point 253 734.6478873239437 581.4084507042253 1.0 334.0 1.0
Point 254 736.1502347417841 585.9154929577464 1.0 335.0 1.0
Track 2 FFFF00 true
Point 1 862.3474178403756 422.15962441314554 1.0 81.0 1.0
Point 2 862.3474178403756 422.15962441314554 1.0 82.0 1.0
Point 3 862.3474178403756 422.15962441314554 1.0 83.0 1.0
Point 4 862.3474178403756 420.65727699530515 1.0 84.0 1.0
Point 5 862.3474178403756 423.6619718309859 1.0 85.0 1.0
Point 6 862.3474178403756 420.65727699530515 1.0 86.0 1.0
Point 7 863.8497652582159 417.6525821596244 1.0 87.0 1.0
Point 8 863.8497652582159 416.150234741784 1.0 88.0 1.0
Point 9 863.8497652582159 416.150234741784 1.0 89.0 1.0
Point 10 863.8497652582159 416.150234741784 1.0 90.0 1.0
Point 11 863.8497652582159 414.6478873239436 1.0 91.0 1.0
Point 12 863.8497652582159 414.6478873239436 1.0 92.0 1.0
Point 13 863.8497652582159 414.6478873239436 1.0 93.0 1.0
Point 14 868.3568075117371 416.150234741784 1.0 94.0 1.0
Point 15 869.8591549295775 417.6525821596244 1.0 95.0 1.0
Point 16 872.8638497652582 411.6431924882629 1.0 96.0 1.0
Point 17 871.3615023474179 416.150234741784 1.0 97.0 1.0
Point 18 871.3615023474179 414.6478873239436 1.0 98.0 1.0
Point 19 874.3661971830985 414.6478873239436 1.0 99.0 1.0
Point 20 874.3661971830985 414.6478873239436 1.0 100.0 1.0
Point 21 875.8685446009389 414.6478873239436 1.0 101.0 1.0
Point 22 875.8685446009389 414.6478873239436 1.0 102.0 1.0
Point 23 877.3708920187793 413.1455399061033 1.0 103.0 1.0
Point 24 878.8732394366197 413.1455399061033 1.0 104.0 1.0
Point 25 880.37558685446 413.1455399061033 1.0 105.0 1.0
Point 26 880.37558685446 413.1455399061033 1.0 106.0 1.0
Point 27 883.3802816901408 413.1455399061033 1.0 107.0 1.0
Point 28 883.3802816901408 413.1455399061033 1.0 108.0 1.0
Point 29 883.3802816901408 414.6478873239436 1.0 109.0 1.0
Point 30 883.3802816901408 414.6478873239436 1.0 110.0 1.0
Point 31 883.3802816901408 414.6478873239436 1.0 111.0 1.0
Point 32 881.8779342723004 414.6478873239436 1.0 112.0 1.0
Point 33 881.8779342723004 414.6478873239436 1.0 113.0 1.0
Point 34 884.8826291079812 422.15962441314554 1.0 114.0 1.0
Point 35 883.3802816901408 417.6525821596244 1.0 115.0 1.0
Point 36 883.3802816901408 417.6525821596244 1.0 116.0 1.0
Point 37 880.37558685446 417.6525821596244 1.0 117.0 1.0
Point 38 878.8732394366197 417.6525821596244 1.0 118.0 1.0
Point 39 878.8732394366197 417.6525821596244 1.0 119.0 1.0
Point 40 878.8732394366197 420.65727699530515 1.0 120.0 1.0
Point 41 878.8732394366197 420.65727699530515 1.0 121.0 1.0
Point 42 874.3661971830985 420.65727699530515 1.0 122.0 1.0
Point 43 872.8638497652582 420.65727699530515 1.0 123.0 1.0
Point 44 871.3615023474179 420.65727699530515 1.0 124.0 1.0
Point 45 869.8591549295775 422.15962441314554 1.0 125.0 1.0
Point 46 866.8544600938967 422.15962441314554 1.0 126.0 1.0
Point 47 865.3521126760563 422.15962441314554 1.0 127.0 1.0
Point 48 865.3521126760563 422.15962441314554 1.0 128.0 1.0
Point 49 862.3474178403756 422.15962441314554 1.0 129.0 1.0
Point 50 863.8497652582159 422.15962441314554 1.0 130.0 1.0
Point 51 863.8497652582159 422.15962441314554 1.0 131.0 1.0
Point 52 862.3474178403756 422.15962441314554 1.0 132.0 1.0
Point 53 862.3474178403756 422.15962441314554 1.0 133.0 1.0
Point 54 865.3521126760563 422.15962441314554 1.0 134.0 1.0
Point 55 865.3521126760563 422.15962441314554 1.0 135.0 1.0
Point 56 868.3568075117371 422.15962441314554 1.0 136.0 1.0
Point 57 868.3568075117371 422.15962441314554 1.0 137.0 1.0
Point 58 868.3568075117371 422.15962441314554 1.0 138.0 1.0
Point 59 869.8591549295775 422.15962441314554 1.0 139.0 1.0
Point 60 871.3615023474179 422.15962441314554 1.0 140.0 1.0
Point 61 872.8638497652582 422.15962441314554 1.0 141.0 1.0
Point 62 874.3661971830985 422.15962441314554 1.0 142.0 1.0
Point 63 874.3661971830985 422.15962441314554 1.0 143.0 1.0
Point 64 874.3661971830985 422.15962441314554 1.0 144.0 1.0
Point 65 874.3661971830985 422.15962441314554 1.0 145.0 1.0
Point 66 874.3661971830985 422.15962441314554 1.0 146.0 1.0
Point 67 868.3568075117371 422.15962441314554 1.0 147.0 1.0
Point 68 868.3568075117371 422.15962441314554 1.0 148.0 1.0
Point 69 863.8497652582159 408.63849765258215 1.0 149.0 1.0
Point 70 862.3474178403756 408.63849765258215 1.0 150.0 1.0
Point 71 860.8450704225352 407.13615023474176 1.0 151.0 1.0
Point 72 853.3333333333333 405.6338028169014 1.0 152.0 1.0
Point 73 850.3286384976526 405.6338028169014 1.0 153.0 1.0
Point 74 850.3286384976526 405.6338028169014 1.0 154.0 1.0
Point 75 850.3286384976526 405.6338028169014 1.0 155.0 1.0
Point 76 853.3333333333333 404.131455399061 1.0 156.0 1.0
Point 77 859.3427230046948 404.131455399061 1.0 157.0 1.0
Point 78 860.8450704225352 401.1267605633803 1.0 158.0 1.0
Point 79 859.3427230046948 401.1267605633803 1.0 159.0 1.0
Point 80 859.3427230046948 401.1267605633803 1.0 160.0 1.0
Point 81 862.3474178403756 401.1267605633803 1.0 161.0 1.0
Point 82 863.8497652582159 396.61971830985914 1.0 162.0 1.0
Point 83 862.3474178403756 396.61971830985914 1.0 163.0 1.0
Point 84 863.8497652582159 395.11737089201876 1.0 164.0 1.0
Point 85 863.8497652582159 395.11737089201876 1.0 165.0 1.0
Point 86 868.3568075117371 395.11737089201876 1.0 166.0 1.0
Point 87 868.3568075117371 395.11737089201876 1.0 167.0 1.0
Point 88 868.3568075117371 395.11737089201876 1.0 168.0 1.0
Point 89 868.3568075117371 395.11737089201876 1.0 169.0 1.0
Point 90 868.3568075117371 395.11737089201876 1.0 170.0 1.0
Point 91 872.8638497652582 390.61032863849766 1.0 171.0 1.0
Point 92 868.3568075117371 392.112676056338 1.0 172.0 1.0
Point 93 868.3568075117371 392.112676056338 1.0 173.0 1.0
Point 94 869.8591549295775 393.6150234741784 1.0 174.0 1.0
Point 95 871.3615023474179 393.6150234741784 1.0 175.0 1.0
Point 96 872.8638497652582 393.6150234741784 1.0 176.0 1.0
Point 97 872.8638497652582 393.6150234741784 1.0 177.0 1.0
Point 98 877.3708920187793 395.11737089201876 1.0 178.0 1.0
Point 99 875.8685446009389 395.11737089201876 1.0 179.0 1.0
Point 100 875.8685446009389 395.11737089201876 1.0 180.0 1.0
Point 101 871.3615023474179 396.61971830985914 1.0 181.0 1.0
Point 102 871.3615023474179 396.61971830985914 1.0 182.0 1.0
Point 103 871.3615023474179 396.61971830985914 1.0 183.0 1.0
Point 104 874.3661971830985 399.6244131455399 1.0 184.0 1.0
Point 105 875.8685446009389 398.1220657276995 1.0 185.0 1.0
Point 106 875.8685446009389 398.1220657276995 1.0 186.0 1.0
Point 107 874.3661971830985 396.61971830985914 1.0 187.0 1.0
Point 108 866.8544600938967 396.61971830985914 1.0 188.0 1.0
Point 109 860.8450704225352 395.11737089201876 1.0 189.0 1.0
Point 110 856.338028169014 389.1079812206573 1.0 190.0 1.0
Point 111 856.338028169014 389.1079812206573 1.0 191.0 1.0
Point 112 851.8309859154929 389.1079812206573 1.0 192.0 1.0
Point 113 850.3286384976526 389.1079812206573 1.0 193.0 1.0
Point 114 848.8262910798122 389.1079812206573 1.0 194.0 1.0
Point 115 848.8262910798122 389.1079812206573 1.0 195.0 1.0
Point 116 847.3239436619718 389.1079812206573 1.0 196.0 1.0
Point 117 845.8215962441315 389.1079812206573 1.0 197.0 1.0
Point 118 845.8215962441315 389.1079812206573 1.0 198.0 1.0
Point 119 845.8215962441315 389.1079812206573 1.0 199.0 1.0
Point 120 851.8309859154929 387.6056338028169 1.0 200.0 1.0
Point 121 851.8309859154929 387.6056338028169 1.0 201.0 1.0
Point 122 854.8356807511736 387.6056338028169 1.0 202.0 1.0
Point 123 856.338028169014 387.6056338028169 1.0 203.0 1.0
Point 124 862.3474178403756 387.6056338028169 1.0 204.0 1.0
Point 125 862.3474178403756 387.6056338028169 1.0 205.0 1.0
Point 126 859.3427230046948 381.59624413145536 1.0 206.0 1.0
Point 127 859.3427230046948 381.59624413145536 1.0 207.0 1.0
Point 128 859.3427230046948 381.59624413145536 1.0 208.0 1.0
Point 129 854.8356807511736 378.59154929577466 1.0 209.0 1.0
Point 130 854.8356807511736 378.59154929577466 1.0 210.0 1.0
Point 131 850.3286384976526 374.0845070422535 1.0 211.0 1.0
Point 132 842.8169014084507 372.5821596244131 1.0 212.0 1.0
Point 133 836.8075117370892 372.5821596244131 1.0 213.0 1.0
Point 134 835.3051643192488 372.5821596244131 1.0 214.0 1.0
Point 135 835.3051643192488 369.57746478873236 1.0 215.0 1.0
Point 136 835.3051643192488 369.57746478873236 1.0 216.0 1.0
Point 137 829.2957746478872 368.07511737089203 1.0 217.0 1.0
Point 138 829.2957746478872 368.07511737089203 1.0 218.0 1.0
Point 139 829.2957746478872 363.5680751173709 1.0 219.0 1.0
Point 140 830.7981220657276 363.5680751173709 1.0 220.0 1.0
Point 141 832.300469483568 362.0657276995305 1.0 221.0 1.0
Point 142 836.8075117370892 362.0657276995305 1.0 222.0 1.0
Point 143 836.8075117370892 362.0657276995305 1.0 223.0 1.0
Point 144 839.8122065727699 362.0657276995305 1.0 224.0 1.0
Point 145 841.3145539906103 362.0657276995305 1.0 225.0 1.0
Point 146 839.8122065727699 356.056338028169 1.0 226.0 1.0
Point 147 844.3192488262911 356.056338028169 1.0 227.0 1.0
Point 148 845.8215962441315 356.056338028169 1.0 228.0 1.0
Point 149 845.8215962441315 356.056338028169 1.0 229.0 1.0
Point 150 841.3145539906103 350.0469483568075 1.0 230.0 1.0
Point 151 841.3145539906103 350.0469483568075 1.0 231.0 1.0
Point 152 841.3145539906103 350.0469483568075 1.0 232.0 1.0
Point 153 841.3145539906103 350.0469483568075 1.0 233.0 1.0
Point 154 838.3098591549295 350.0469483568075 1.0 234.0 1.0
Point 155 838.3098591549295 350.0469483568075 1.0 235.0 1.0
Point 156 841.3145539906103 350.0469483568075 1.0 236.0 1.0
Point 157 842.8169014084507 351.5492957746479 1.0 237.0 1.0
Point 158 847.3239436619718 353.05164319248826 1.0 238.0 1.0
Point 159 850.3286384976526 353.05164319248826 1.0 239.0 1.0
Point 160 853.3333333333333 353.05164319248826 1.0 240.0 1.0
Point 161 853.3333333333333 353.05164319248826 1.0 241.0 1.0
Point 162 853.3333333333333 350.0469483568075 1.0 242.0 1.0
Point 163 851.8309859154929 348.5446009389671 1.0 243.0 1.0
Point 164 851.8309859154929 348.5446009389671 1.0 244.0 1.0
Point 165 844.3192488262911 348.5446009389671 1.0 245.0 1.0
Point 166 844.3192488262911 348.5446009389671 1.0 246.0 1.0
Point 167 830.7981220657276 348.5446009389671 1.0 247.0 1.0
Point 168 829.2957746478872 348.5446009389671 1.0 248.0 1.0
Point 169 826.2910798122066 348.5446009389671 1.0 249.0 1.0
Point 170 823.2863849765258 348.5446009389671 1.0 250.0 1.0
Point 171 820.2816901408451 348.5446009389671 1.0 251.0 1.0
Point 172 815.7746478873239 348.5446009389671 1.0 252.0 1.0
Point 173 815.7746478873239 348.5446009389671 1.0 253.0 1.0
Point 174 812.7699530516431 348.5446009389671 1.0 254.0 1.0
Point 175 808.262910798122 348.5446009389671 1.0 255.0 1.0
Point 176 805.2582159624413 348.5446009389671 1.0 256.0 1.0
Point 177 805.2582159624413 345.5399061032864 1.0 257.0 1.0
Point 178 805.2582159624413 345.5399061032864 1.0 258.0 1.0
Point 179 803.755868544601 345.5399061032864 1.0 259.0 1.0
Point 180 803.755868544601 344.037558685446 1.0 260.0 1.0
Point 181 809.7652582159624 333.5211267605634 1.0 261.0 1.0
Point 182 809.7652582159624 341.03286384976525 1.0 262.0 1.0
Point 183 812.7699530516431 336.5258215962441 1.0 263.0 1.0
Point 184 814.2723004694835 336.5258215962441 1.0 264.0 1.0
Point 185 815.7746478873239 336.5258215962441 1.0 265.0 1.0
Point 186 815.7746478873239 336.5258215962441 1.0 266.0 1.0
Point 187 811.2676056338028 332.018779342723 1.0 267.0 1.0
Point 188 811.2676056338028 330.5164319248826 1.0 268.0 1.0
Point 189 809.7652582159624 329.01408450704224 1.0 269.0 1.0
Point 190 809.7652582159624 323.00469483568077 1.0 270.0 1.0
Point 191 805.2582159624413 323.00469483568077 1.0 271.0 1.0
Point 192 799.2488262910798 323.00469483568077 1.0 272.0 1.0
Point 193 794.7417840375587 320.0 1.0 273.0 1.0
Point 194 790.2347417840375 318.4976525821596 1.0 274.0 1.0
Point 195 784.225352112676 318.4976525821596 1.0 275.0 1.0
Point 196 775.2112676056338 318.4976525821596 1.0 276.0 1.0
Point 197 770.7042253521126 318.4976525821596 1.0 277.0 1.0
Point 198 764.6948356807511 316.99530516431923 1.0 278.0 1.0
Point 199 764.6948356807511 313.99061032863847 1.0 279.0 1.0
Point 200 770.7042253521126 306.4788732394366 1.0 280.0 1.0
Point 201 775.2112676056338 306.4788732394366 1.0 281.0 1.0
Point 202 775.2112676056338 304.9765258215962 1.0 282.0 1.0
Point 203 770.7042253521126 301.97183098591546 1.0 283.0 1.0
Point 204 770.7042253521126 298.96713615023475 1.0 284.0 1.0
Point 205 769.2018779342723 295.962441314554 1.0 285.0 1.0
Point 206 767.6995305164319 295.962441314554 1.0 286.0 1.0
Point 207 767.6995305164319 292.9577464788732 1.0 287.0 1.0
Point 208 767.6995305164319 292.9577464788732 1.0 288.0 1.0
Point 209 772.206572769953 292.9577464788732 1.0 289.0 1.0
Point 210 772.206572769953 285.44600938967136 1.0 290.0 1.0
Point 211 778.2159624413146 283.943661971831 1.0 291.0 1.0
Point 212 778.2159624413146 280.9389671361502 1.0 292.0 1.0
Point 213 772.206572769953 277.9342723004695 1.0 293.0 1.0
Point 214 769.2018779342723 277.9342723004695 1.0 294.0 1.0
Point 215 763.1924882629107 277.9342723004695 1.0 295.0 1.0
Point 216 763.1924882629107 277.9342723004695 1.0 296.0 1.0
Point 217 763.1924882629107 277.9342723004695 1.0 297.0 1.0
Point 218 764.6948356807511 273.42723004694835 1.0 298.0 1.0
Point 219 767.6995305164319 273.42723004694835 1.0 299.0 1.0
Point 220 773.7089201877934 271.92488262910797 1.0 300.0 1.0
Point 221 773.7089201877934 270.4225352112676 1.0 301.0 1.0
Point 222 773.7089201877934 268.9201877934272 1.0 302.0 1.0
Point 223 775.2112676056338 267.4178403755868 1.0 303.0 1.0
Point 224 775.2112676056338 267.4178403755868 1.0 304.0 1.0
Point 225 776.7136150234742 267.4178403755868 1.0 305.0 1.0
Point 226 775.2112676056338 264.4131455399061 1.0 306.0 1.0
Point 227 769.2018779342723 264.4131455399061 1.0 307.0 1.0
Point 228 755.6807511737089 264.4131455399061 1.0 308.0 1.0
Point 229 751.1737089201878 264.4131455399061 1.0 309.0 1.0
Point 230 748.169014084507 264.4131455399061 1.0 310.0 1.0
Point 231 742.1596244131455 264.4131455399061 1.0 311.0 1.0
Point 232 740.6572769953051 258.4037558685446 1.0 312.0 1.0
Point 233 740.6572769953051 256.9014084507042 1.0 313.0 1.0
Point 234 736.1502347417841 255.39906103286384 1.0 314.0 1.0
Point 235 734.6478873239437 255.39906103286384 1.0 315.0 1.0
Point 236 734.6478873239437 255.39906103286384 1.0 316.0 1.0
Point 237 733.1455399061033 255.39906103286384 1.0 317.0 1.0
Point 238 731.6431924882629 255.39906103286384 1.0 318.0 1.0
Point 239 731.6431924882629 255.39906103286384 1.0 319.0 1.0
Point 240 727.1361502347418 249.38967136150234 1.0 320.0 1.0
Point 241 727.1361502347418 249.38967136150234 1.0 321.0 1.0
Point 242 731.6431924882629 247.88732394366195 1.0 322.0 1.0
Point 243 731.6431924882629 247.88732394366195 1.0 323.0 1.0
Point 244 734.6478873239437 247.88732394366195 1.0 324.0 1.0
Point 245 739.1549295774647 244.88262910798122 1.0 325.0 1.0
Point 246 746.6666666666666 243.38028169014083 1.0 326.0 1.0
Point 247 745.1643192488262 243.38028169014083 1.0 327.0 1.0
Point 248 745.1643192488262 241.87793427230045 1.0 328.0 1.0
Point 249 743.6619718309859 240.3755868544601 1.0 329.0 1.0
Point 250 743.6619718309859 240.3755868544601 1.0 330.0 1.0
Point 251 739.1549295774647 235.86854460093895 1.0 331.0 1.0
Point 252 731.6431924882629 234.3661971830986 1.0 332.0 1.0
Point 253 733.1455399061033 234.3661971830986 1.0 333.0 1.0
Point 254 733.1455399061033 234.3661971830986 1.0 334.0 1.0
Point 255 727.1361502347418 234.3661971830986 1.0 335.0 1.0
End of MTrackJ Data File
