MTrackJ 1.5.1 Data File
Displaying true true true 1 2 0 0 100 10 0 0 0 2 1 12 0 true false false false
Assembly 1 FF0000
Cluster 1 FF0000
Track 1 FF0000 true
Point 1 772.0 556.0 1.0 90.0 1.0
Point 2 772.0 556.0 1.0 91.0 1.0
Point 3 774.0 556.0 1.0 92.0 1.0
Point 4 774.0 556.0 1.0 93.0 1.0
Point 5 776.0 556.0 1.0 94.0 1.0
Point 6 776.0 556.0 1.0 95.0 1.0
Point 7 776.0 556.0 1.0 96.0 1.0
Point 8 776.0 556.0 1.0 97.0 1.0
Point 9 770.0 556.0 1.0 98.0 1.0
Point 10 770.0 556.0 1.0 99.0 1.0
Point 11 770.0 556.0 1.0 100.0 1.0
Point 12 770.0 556.0 1.0 101.0 1.0
Point 13 772.0 556.0 1.0 102.0 1.0
Point 14 774.0 554.0 1.0 103.0 1.0
Point 15 772.0 554.0 1.0 104.0 1.0
Point 16 772.0 554.0 1.0 105.0 1.0
Point 17 772.0 554.0 1.0 106.0 1.0
Point 18 772.0 554.0 1.0 107.0 1.0
Point 19 776.0 556.0 1.0 108.0 1.0
Point 20 776.0 556.0 1.0 109.0 1.0
Point 21 776.0 556.0 1.0 110.0 1.0
Point 22 778.0 556.0 1.0 111.0 1.0
Point 23 782.0 558.0 1.0 112.0 1.0
Point 24 782.0 558.0 1.0 113.0 1.0
Point 25 778.0 554.0 1.0 114.0 1.0
Point 26 780.0 552.0 1.0 115.0 1.0
Point 27 778.0 548.0 1.0 116.0 1.0
Point 28 782.0 548.0 1.0 117.0 1.0
Point 29 782.0 550.0 1.0 118.0 1.0
Point 30 786.0 548.0 1.0 119.0 1.0
Point 31 786.0 548.0 1.0 120.0 1.0
Point 32 788.0 546.0 1.0 121.0 1.0
Point 33 788.0 546.0 1.0 122.0 1.0
Point 34 788.0 546.0 1.0 123.0 1.0
Point 35 788.0 546.0 1.0 124.0 1.0
Point 36 788.0 546.0 1.0 125.0 1.0
Point 37 786.0 550.0 1.0 126.0 1.0
Point 38 784.0 548.0 1.0 127.0 1.0
Point 39 780.0 540.0 1.0 128.0 1.0
Point 40 786.0 546.0 1.0 129.0 1.0
Point 41 780.0 546.0 1.0 130.0 1.0
Point 42 780.0 546.0 1.0 131.0 1.0
Point 43 776.0 548.0 1.0 132.0 1.0
Point 44 778.0 546.0 1.0 133.0 1.0
Point 45 776.0 542.0 1.0 134.0 1.0
Point 46 772.0 544.0 1.0 135.0 1.0
Point 47 772.0 544.0 1.0 136.0 1.0
Point 48 774.0 542.0 1.0 137.0 1.0
Point 49 774.0 542.0 1.0 138.0 1.0
Point 50 774.0 542.0 1.0 139.0 1.0
Point 51 774.0 542.0 1.0 140.0 1.0
Point 52 774.0 542.0 1.0 141.0 1.0
Point 53 774.0 542.0 1.0 142.0 1.0
Point 54 778.0 542.0 1.0 143.0 1.0
Point 55 778.0 540.0 1.0 144.0 1.0
Point 56 778.0 540.0 1.0 145.0 1.0
Point 57 780.0 534.0 1.0 146.0 1.0
Point 58 784.0 532.0 1.0 147.0 1.0
Point 59 788.0 532.0 1.0 148.0 1.0
Point 60 792.0 530.0 1.0 149.0 1.0
Point 61 792.0 530.0 1.0 150.0 1.0
Point 62 794.0 530.0 1.0 151.0 1.0
Point 63 794.0 530.0 1.0 152.0 1.0
Point 64 794.0 532.0 1.0 153.0 1.0
Point 65 794.0 532.0 1.0 154.0 1.0
Point 66 794.0 532.0 1.0 155.0 1.0
Point 67 794.0 532.0 1.0 156.0 1.0
Point 68 794.0 532.0 1.0 157.0 1.0
Point 69 790.0 532.0 1.0 158.0 1.0
Point 70 790.0 532.0 1.0 159.0 1.0
Point 71 784.0 532.0 1.0 160.0 1.0
Point 72 784.0 532.0 1.0 161.0 1.0
Point 73 780.0 532.0 1.0 162.0 1.0
Point 74 780.0 532.0 1.0 163.0 1.0
Point 75 780.0 532.0 1.0 164.0 1.0
Point 76 780.0 536.0 1.0 165.0 1.0
Point 77 778.0 540.0 1.0 166.0 1.0
Point 78 778.0 540.0 1.0 167.0 1.0
Point 79 774.0 540.0 1.0 168.0 1.0
Point 80 774.0 540.0 1.0 169.0 1.0
Point 81 772.0 540.0 1.0 170.0 1.0
Point 82 772.0 540.0 1.0 171.0 1.0
Point 83 778.0 538.0 1.0 172.0 1.0
Point 84 780.0 538.0 1.0 173.0 1.0
Point 85 786.0 534.0 1.0 174.0 1.0
Point 86 786.0 534.0 1.0 175.0 1.0
Point 87 786.0 532.0 1.0 176.0 1.0
Point 88 788.0 532.0 1.0 177.0 1.0
Point 89 792.0 530.0 1.0 178.0 1.0
Point 90 796.0 528.0 1.0 179.0 1.0
Point 91 802.0 536.0 1.0 180.0 1.0
Point 92 804.0 538.0 1.0 181.0 1.0
Point 93 798.0 538.0 1.0 182.0 1.0
Point 94 802.0 538.0 1.0 183.0 1.0
Point 95 798.0 542.0 1.0 184.0 1.0
Point 96 798.0 542.0 1.0 185.0 1.0
Point 97 798.0 540.0 1.0 186.0 1.0
Point 98 796.0 540.0 1.0 187.0 1.0
Point 99 796.0 540.0 1.0 188.0 1.0
Point 100 792.0 540.0 1.0 189.0 1.0
Point 101 790.0 540.0 1.0 190.0 1.0
Point 102 786.0 538.0 1.0 191.0 1.0
Point 103 786.0 538.0 1.0 192.0 1.0
Point 104 784.0 534.0 1.0 193.0 1.0
Point 105 778.0 532.0 1.0 194.0 1.0
Point 106 776.0 524.0 1.0 195.0 1.0
Point 107 774.0 526.0 1.0 196.0 1.0
Point 108 778.0 522.0 1.0 197.0 1.0
Point 109 778.0 524.0 1.0 198.0 1.0
Point 110 778.0 524.0 1.0 199.0 1.0
Point 111 780.0 524.0 1.0 200.0 1.0
Point 112 778.0 518.0 1.0 201.0 1.0
Point 113 788.0 518.0 1.0 202.0 1.0
Point 114 784.0 518.0 1.0 203.0 1.0
Point 115 792.0 520.0 1.0 204.0 1.0
Point 116 798.0 514.0 1.0 205.0 1.0
Point 117 802.0 514.0 1.0 206.0 1.0
Point 118 806.0 512.0 1.0 207.0 1.0
Point 119 808.0 516.0 1.0 208.0 1.0
Point 120 810.0 514.0 1.0 209.0 1.0
Point 121 810.0 512.0 1.0 210.0 1.0
Point 122 808.0 512.0 1.0 211.0 1.0
Point 123 810.0 512.0 1.0 212.0 1.0
Point 124 814.0 506.0 1.0 213.0 1.0
Point 125 814.0 506.0 1.0 214.0 1.0
Point 126 814.0 506.0 1.0 215.0 1.0
Point 127 810.0 510.0 1.0 216.0 1.0
Point 128 810.0 514.0 1.0 217.0 1.0
Point 129 804.0 514.0 1.0 218.0 1.0
Point 130 800.0 512.0 1.0 219.0 1.0
Point 131 792.0 516.0 1.0 220.0 1.0
Point 132 794.0 508.0 1.0 221.0 1.0
Point 133 784.0 510.0 1.0 222.0 1.0
Point 134 778.0 510.0 1.0 223.0 1.0
Point 135 774.0 510.0 1.0 224.0 1.0
Point 136 768.0 512.0 1.0 225.0 1.0
Point 137 776.0 514.0 1.0 226.0 1.0
Point 138 780.0 514.0 1.0 227.0 1.0
Point 139 780.0 514.0 1.0 228.0 1.0
Point 140 780.0 518.0 1.0 229.0 1.0
Point 141 786.0 518.0 1.0 230.0 1.0
Point 142 786.0 512.0 1.0 231.0 1.0
Point 143 796.0 512.0 1.0 232.0 1.0
Point 144 804.0 516.0 1.0 233.0 1.0
Point 145 812.0 528.0 1.0 234.0 1.0
Point 146 820.0 528.0 1.0 235.0 1.0
Point 147 826.0 530.0 1.0 236.0 1.0
Point 148 834.0 530.0 1.0 237.0 1.0
Point 149 836.0 536.0 1.0 238.0 1.0
Point 150 842.0 536.0 1.0 239.0 1.0
Point 151 844.0 532.0 1.0 240.0 1.0
Point 152 844.0 530.0 1.0 241.0 1.0
Point 153 844.0 532.0 1.0 242.0 1.0
Point 154 844.0 530.0 1.0 243.0 1.0
Point 155 844.0 524.0 1.0 244.0 1.0
Point 156 842.0 522.0 1.0 245.0 1.0
Point 157 840.0 512.0 1.0 246.0 1.0
Point 158 840.0 514.0 1.0 247.0 1.0
Point 159 834.0 508.0 1.0 248.0 1.0
Point 160 820.0 506.0 1.0 249.0 1.0
Point 161 818.0 498.0 1.0 250.0 1.0
Point 162 814.0 496.0 1.0 251.0 1.0
Point 163 808.0 496.0 1.0 252.0 1.0
Point 164 802.0 496.0 1.0 253.0 1.0
Point 165 794.0 496.0 1.0 254.0 1.0
Point 166 800.0 492.0 1.0 255.0 1.0
Point 167 794.0 488.0 1.0 256.0 1.0
Point 168 792.0 482.0 1.0 257.0 1.0
Point 169 790.0 480.0 1.0 258.0 1.0
Point 170 794.0 476.0 1.0 259.0 1.0
Point 171 800.0 476.0 1.0 260.0 1.0
Point 172 804.0 466.0 1.0 261.0 1.0
Point 173 806.0 468.0 1.0 262.0 1.0
Point 174 822.0 464.0 1.0 263.0 1.0
Point 175 828.0 458.0 1.0 264.0 1.0
Point 176 844.0 458.0 1.0 265.0 1.0
Point 177 850.0 454.0 1.0 266.0 1.0
Point 178 856.0 450.0 1.0 267.0 1.0
Point 179 868.0 446.0 1.0 268.0 1.0
Point 180 858.0 446.0 1.0 269.0 1.0
Point 181 876.0 446.0 1.0 270.0 1.0
Point 182 886.0 442.0 1.0 271.0 1.0
Point 183 876.0 442.0 1.0 272.0 1.0
Point 184 886.0 444.0 1.0 273.0 1.0
Point 185 878.0 446.0 1.0 274.0 1.0
Point 186 872.0 446.0 1.0 275.0 1.0
Point 187 864.0 448.0 1.0 276.0 1.0
Point 188 862.0 442.0 1.0 277.0 1.0
Track 2 FFFF00 true
Point 1 764.0 444.0 1.0 82.0 1.0
Point 2 770.0 444.0 1.0 83.0 1.0
Point 3 770.0 438.0 1.0 84.0 1.0
Point 4 768.0 446.0 1.0 85.0 1.0
Point 5 768.0 446.0 1.0 86.0 1.0
Point 6 766.0 446.0 1.0 87.0 1.0
Point 7 766.0 446.0 1.0 88.0 1.0
Point 8 766.0 446.0 1.0 89.0 1.0
Point 9 766.0 446.0 1.0 90.0 1.0
Point 10 766.0 446.0 1.0 91.0 1.0
Point 11 766.0 446.0 1.0 92.0 1.0
Point 12 766.0 446.0 1.0 93.0 1.0
Point 13 768.0 446.0 1.0 94.0 1.0
Point 14 768.0 446.0 1.0 95.0 1.0
Point 15 768.0 446.0 1.0 96.0 1.0
Point 16 766.0 446.0 1.0 97.0 1.0
Point 17 766.0 446.0 1.0 98.0 1.0
Point 18 766.0 446.0 1.0 99.0 1.0
Point 19 762.0 446.0 1.0 100.0 1.0
Point 20 762.0 446.0 1.0 101.0 1.0
Point 21 762.0 446.0 1.0 102.0 1.0
Point 22 762.0 446.0 1.0 103.0 1.0
Point 23 766.0 448.0 1.0 104.0 1.0
Point 24 764.0 442.0 1.0 105.0 1.0
Point 25 768.0 440.0 1.0 106.0 1.0
Point 26 768.0 444.0 1.0 107.0 1.0
Point 27 770.0 444.0 1.0 108.0 1.0
Point 28 770.0 444.0 1.0 109.0 1.0
Point 29 770.0 444.0 1.0 110.0 1.0
Point 30 772.0 444.0 1.0 111.0 1.0
Point 31 772.0 444.0 1.0 112.0 1.0
Point 32 776.0 442.0 1.0 113.0 1.0
Point 33 776.0 442.0 1.0 114.0 1.0
Point 34 776.0 442.0 1.0 115.0 1.0
Point 35 776.0 442.0 1.0 116.0 1.0
Point 36 774.0 438.0 1.0 117.0 1.0
Point 37 780.0 438.0 1.0 118.0 1.0
Point 38 780.0 438.0 1.0 119.0 1.0
Point 39 780.0 438.0 1.0 120.0 1.0
Point 40 780.0 438.0 1.0 121.0 1.0
Point 41 780.0 438.0 1.0 122.0 1.0
Point 42 776.0 438.0 1.0 123.0 1.0
Point 43 776.0 438.0 1.0 124.0 1.0
Point 44 776.0 438.0 1.0 125.0 1.0
Point 45 772.0 436.0 1.0 126.0 1.0
Point 46 770.0 430.0 1.0 127.0 1.0
Point 47 776.0 438.0 1.0 128.0 1.0
Point 48 770.0 434.0 1.0 129.0 1.0
Point 49 774.0 436.0 1.0 130.0 1.0
Point 50 768.0 436.0 1.0 131.0 1.0
Point 51 764.0 436.0 1.0 132.0 1.0
Point 52 760.0 434.0 1.0 133.0 1.0
Point 53 766.0 430.0 1.0 134.0 1.0
Point 54 766.0 430.0 1.0 135.0 1.0
Point 55 766.0 430.0 1.0 136.0 1.0
Point 56 770.0 430.0 1.0 137.0 1.0
Point 57 772.0 422.0 1.0 138.0 1.0
Point 58 778.0 430.0 1.0 139.0 1.0
Point 59 768.0 418.0 1.0 140.0 1.0
Point 60 780.0 422.0 1.0 141.0 1.0
Point 61 778.0 412.0 1.0 142.0 1.0
Point 62 772.0 416.0 1.0 143.0 1.0
Point 63 776.0 420.0 1.0 144.0 1.0
Point 64 780.0 410.0 1.0 145.0 1.0
Point 65 786.0 410.0 1.0 146.0 1.0
Point 66 784.0 404.0 1.0 147.0 1.0
Point 67 796.0 412.0 1.0 148.0 1.0
Point 68 796.0 408.0 1.0 149.0 1.0
Point 69 796.0 408.0 1.0 150.0 1.0
Point 70 804.0 406.0 1.0 151.0 1.0
Point 71 798.0 406.0 1.0 152.0 1.0
Point 72 806.0 406.0 1.0 153.0 1.0
Point 73 806.0 406.0 1.0 154.0 1.0
Point 74 800.0 408.0 1.0 155.0 1.0
Point 75 808.0 404.0 1.0 156.0 1.0
Point 76 812.0 404.0 1.0 157.0 1.0
Point 77 814.0 396.0 1.0 158.0 1.0
Point 78 798.0 404.0 1.0 159.0 1.0
Point 79 794.0 404.0 1.0 160.0 1.0
Point 80 794.0 404.0 1.0 161.0 1.0
Point 81 794.0 404.0 1.0 162.0 1.0
Point 82 794.0 404.0 1.0 163.0 1.0
Point 83 786.0 400.0 1.0 164.0 1.0
Point 84 784.0 400.0 1.0 165.0 1.0
Point 85 784.0 400.0 1.0 166.0 1.0
Point 86 780.0 398.0 1.0 167.0 1.0
Point 87 780.0 398.0 1.0 168.0 1.0
Point 88 780.0 398.0 1.0 169.0 1.0
Point 89 778.0 394.0 1.0 170.0 1.0
Point 90 770.0 396.0 1.0 171.0 1.0
Point 91 778.0 394.0 1.0 172.0 1.0
Point 92 782.0 392.0 1.0 173.0 1.0
Point 93 776.0 392.0 1.0 174.0 1.0
Point 94 780.0 392.0 1.0 175.0 1.0
Point 95 782.0 386.0 1.0 176.0 1.0
Point 96 782.0 392.0 1.0 177.0 1.0
Point 97 784.0 392.0 1.0 178.0 1.0
Point 98 790.0 388.0 1.0 179.0 1.0
Point 99 798.0 388.0 1.0 180.0 1.0
Point 100 796.0 390.0 1.0 181.0 1.0
Point 101 796.0 388.0 1.0 182.0 1.0
Point 102 798.0 384.0 1.0 183.0 1.0
Point 103 796.0 384.0 1.0 184.0 1.0
Point 104 784.0 380.0 1.0 185.0 1.0
Point 105 782.0 380.0 1.0 186.0 1.0
Point 106 786.0 386.0 1.0 187.0 1.0
Point 107 782.0 376.0 1.0 188.0 1.0
Point 108 784.0 378.0 1.0 189.0 1.0
Point 109 780.0 374.0 1.0 190.0 1.0
Point 110 776.0 368.0 1.0 191.0 1.0
Point 111 772.0 364.0 1.0 192.0 1.0
Point 112 770.0 364.0 1.0 193.0 1.0
Point 113 772.0 356.0 1.0 194.0 1.0
Point 114 772.0 356.0 1.0 195.0 1.0
Point 115 774.0 354.0 1.0 196.0 1.0
Point 116 780.0 352.0 1.0 197.0 1.0
Point 117 780.0 354.0 1.0 198.0 1.0
Point 118 786.0 346.0 1.0 199.0 1.0
Point 119 786.0 342.0 1.0 200.0 1.0
Point 120 790.0 340.0 1.0 201.0 1.0
Point 121 796.0 340.0 1.0 202.0 1.0
Point 122 802.0 336.0 1.0 203.0 1.0
Point 123 808.0 330.0 1.0 204.0 1.0
Point 124 814.0 332.0 1.0 205.0 1.0
Point 125 816.0 328.0 1.0 206.0 1.0
Point 126 822.0 324.0 1.0 207.0 1.0
Point 127 824.0 326.0 1.0 208.0 1.0
Point 128 826.0 320.0 1.0 209.0 1.0
Point 129 828.0 320.0 1.0 210.0 1.0
Point 130 824.0 316.0 1.0 211.0 1.0
Point 131 834.0 310.0 1.0 212.0 1.0
Point 132 834.0 310.0 1.0 213.0 1.0
Point 133 836.0 306.0 1.0 214.0 1.0
Point 134 836.0 302.0 1.0 215.0 1.0
Point 135 836.0 302.0 1.0 216.0 1.0
Point 136 834.0 302.0 1.0 217.0 1.0
Point 137 828.0 300.0 1.0 218.0 1.0
Point 138 820.0 300.0 1.0 219.0 1.0
Point 139 812.0 294.0 1.0 220.0 1.0
Point 140 804.0 292.0 1.0 221.0 1.0
Point 141 798.0 294.0 1.0 222.0 1.0
Point 142 784.0 286.0 1.0 223.0 1.0
Point 143 776.0 286.0 1.0 224.0 1.0
Point 144 768.0 282.0 1.0 225.0 1.0
Point 145 768.0 282.0 1.0 226.0 1.0
Point 146 770.0 282.0 1.0 227.0 1.0
Point 147 772.0 276.0 1.0 228.0 1.0
Point 148 772.0 276.0 1.0 229.0 1.0
Point 149 772.0 276.0 1.0 230.0 1.0
Point 150 774.0 274.0 1.0 231.0 1.0
Point 151 770.0 278.0 1.0 232.0 1.0
Point 152 780.0 274.0 1.0 233.0 1.0
Point 153 794.0 270.0 1.0 234.0 1.0
Point 154 808.0 268.0 1.0 235.0 1.0
Point 155 814.0 262.0 1.0 236.0 1.0
Point 156 828.0 262.0 1.0 237.0 1.0
Point 157 840.0 260.0 1.0 238.0 1.0
Point 158 840.0 258.0 1.0 239.0 1.0
Point 159 844.0 252.0 1.0 240.0 1.0
Point 160 834.0 244.0 1.0 241.0 1.0
Point 161 828.0 244.0 1.0 242.0 1.0
Point 162 820.0 240.0 1.0 243.0 1.0
Point 163 822.0 234.0 1.0 244.0 1.0
Point 164 826.0 222.0 1.0 245.0 1.0
Point 165 814.0 210.0 1.0 246.0 1.0
Point 166 808.0 194.0 1.0 247.0 1.0
Point 167 798.0 192.0 1.0 248.0 1.0
Point 168 784.0 182.0 1.0 249.0 1.0
Point 169 780.0 174.0 1.0 250.0 1.0
Point 170 784.0 156.0 1.0 251.0 1.0
Point 171 778.0 160.0 1.0 252.0 1.0
Point 172 786.0 154.0 1.0 253.0 1.0
Point 173 784.0 144.0 1.0 254.0 1.0
Point 174 794.0 136.0 1.0 255.0 1.0
Point 175 802.0 134.0 1.0 256.0 1.0
Point 176 806.0 122.0 1.0 257.0 1.0
Point 177 808.0 114.0 1.0 258.0 1.0
Point 178 814.0 110.0 1.0 259.0 1.0
Point 179 812.0 102.0 1.0 260.0 1.0
Point 180 816.0 88.0 1.0 261.0 1.0
Point 181 824.0 82.0 1.0 262.0 1.0
Point 182 830.0 72.0 1.0 263.0 1.0
Point 183 842.0 66.0 1.0 264.0 1.0
Point 184 838.0 62.0 1.0 265.0 1.0
Point 185 844.0 54.0 1.0 266.0 1.0
Point 186 850.0 48.0 1.0 267.0 1.0
Point 187 854.0 34.0 1.0 268.0 1.0
Point 188 864.0 32.0 1.0 269.0 1.0
End of MTrackJ Data File
