MTrackJ 1.5.1 Data File
Displaying true true true 1 2 0 0 100 10 0 0 0 2 1 12 0 true false false false
Assembly 1 FF0000
Cluster 1 FF0000
Track 1 FF0000 true
Point 1 786.0 544.0 1.0 74.0 1.0
Point 2 786.0 544.0 1.0 75.0 1.0
Point 3 786.0 540.0 1.0 76.0 1.0
Point 4 786.0 540.0 1.0 77.0 1.0
Point 5 786.0 540.0 1.0 78.0 1.0
Point 6 786.0 542.0 1.0 79.0 1.0
Point 7 786.0 544.0 1.0 80.0 1.0
Point 8 786.0 544.0 1.0 81.0 1.0
Point 9 786.0 544.0 1.0 82.0 1.0
Point 10 788.0 544.0 1.0 83.0 1.0
Point 11 788.0 544.0 1.0 84.0 1.0
Point 12 788.0 544.0 1.0 85.0 1.0
Point 13 788.0 544.0 1.0 86.0 1.0
Point 14 788.0 544.0 1.0 87.0 1.0
Point 15 788.0 544.0 1.0 88.0 1.0
Point 16 790.0 544.0 1.0 89.0 1.0
Point 17 790.0 540.0 1.0 90.0 1.0
Point 18 790.0 540.0 1.0 91.0 1.0
Point 19 790.0 540.0 1.0 92.0 1.0
Point 20 790.0 540.0 1.0 93.0 1.0
Point 21 790.0 540.0 1.0 94.0 1.0
Point 22 790.0 540.0 1.0 95.0 1.0
Point 23 790.0 542.0 1.0 96.0 1.0
Point 24 790.0 542.0 1.0 97.0 1.0
Point 25 792.0 542.0 1.0 98.0 1.0
Point 26 792.0 542.0 1.0 99.0 1.0
Point 27 792.0 542.0 1.0 100.0 1.0
Point 28 792.0 542.0 1.0 101.0 1.0
Point 29 792.0 542.0 1.0 102.0 1.0
Point 30 792.0 536.0 1.0 103.0 1.0
Point 31 792.0 536.0 1.0 104.0 1.0
Point 32 792.0 536.0 1.0 105.0 1.0
Point 33 792.0 534.0 1.0 106.0 1.0
Point 34 792.0 534.0 1.0 107.0 1.0
Point 35 792.0 534.0 1.0 108.0 1.0
Point 36 792.0 534.0 1.0 109.0 1.0
Point 37 792.0 534.0 1.0 110.0 1.0
Point 38 792.0 534.0 1.0 111.0 1.0
Point 39 792.0 534.0 1.0 112.0 1.0
Point 40 792.0 534.0 1.0 113.0 1.0
Point 41 788.0 530.0 1.0 114.0 1.0
Point 42 788.0 530.0 1.0 115.0 1.0
Point 43 788.0 530.0 1.0 116.0 1.0
Point 44 788.0 530.0 1.0 117.0 1.0
Point 45 788.0 532.0 1.0 118.0 1.0
Point 46 788.0 532.0 1.0 119.0 1.0
Point 47 788.0 534.0 1.0 120.0 1.0
Point 48 784.0 534.0 1.0 121.0 1.0
Point 49 784.0 534.0 1.0 122.0 1.0
Point 50 784.0 534.0 1.0 123.0 1.0
Point 51 784.0 534.0 1.0 124.0 1.0
Point 52 784.0 534.0 1.0 125.0 1.0
Point 53 784.0 534.0 1.0 126.0 1.0
Point 54 784.0 534.0 1.0 127.0 1.0
Point 55 784.0 534.0 1.0 128.0 1.0
Point 56 786.0 532.0 1.0 129.0 1.0
Point 57 786.0 532.0 1.0 130.0 1.0
Point 58 786.0 532.0 1.0 131.0 1.0
Point 59 786.0 532.0 1.0 132.0 1.0
Point 60 786.0 532.0 1.0 133.0 1.0
Point 61 790.0 532.0 1.0 134.0 1.0
Point 62 792.0 532.0 1.0 135.0 1.0
Point 63 792.0 532.0 1.0 136.0 1.0
Point 64 792.0 532.0 1.0 137.0 1.0
Point 65 792.0 534.0 1.0 138.0 1.0
Point 66 792.0 538.0 1.0 139.0 1.0
Point 67 792.0 538.0 1.0 140.0 1.0
Point 68 792.0 538.0 1.0 141.0 1.0
Point 69 792.0 538.0 1.0 142.0 1.0
Point 70 788.0 540.0 1.0 143.0 1.0
Point 71 786.0 540.0 1.0 144.0 1.0
Point 72 786.0 540.0 1.0 145.0 1.0
Point 73 782.0 542.0 1.0 146.0 1.0
Point 74 782.0 538.0 1.0 147.0 1.0
Point 75 782.0 540.0 1.0 148.0 1.0
Point 76 780.0 540.0 1.0 149.0 1.0
Point 77 780.0 540.0 1.0 150.0 1.0
Point 78 778.0 540.0 1.0 151.0 1.0
Point 79 776.0 540.0 1.0 152.0 1.0
Point 80 776.0 540.0 1.0 153.0 1.0
Point 81 776.0 540.0 1.0 154.0 1.0
Point 82 778.0 540.0 1.0 155.0 1.0
Point 83 780.0 540.0 1.0 156.0 1.0
Point 84 780.0 540.0 1.0 157.0 1.0
Point 85 782.0 540.0 1.0 158.0 1.0
Point 86 784.0 540.0 1.0 159.0 1.0
Point 87 784.0 540.0 1.0 160.0 1.0
Point 88 786.0 540.0 1.0 161.0 1.0
Point 89 788.0 540.0 1.0 162.0 1.0
Point 90 788.0 540.0 1.0 163.0 1.0
Point 91 788.0 540.0 1.0 164.0 1.0
Point 92 788.0 540.0 1.0 165.0 1.0
Point 93 786.0 540.0 1.0 166.0 1.0
Point 94 786.0 540.0 1.0 167.0 1.0
Point 95 786.0 540.0 1.0 168.0 1.0
Point 96 782.0 540.0 1.0 169.0 1.0
Point 97 782.0 540.0 1.0 170.0 1.0
Point 98 782.0 540.0 1.0 171.0 1.0
Point 99 778.0 540.0 1.0 172.0 1.0
Point 100 776.0 540.0 1.0 173.0 1.0
Point 101 776.0 538.0 1.0 174.0 1.0
Point 102 772.0 538.0 1.0 175.0 1.0
Point 103 772.0 538.0 1.0 176.0 1.0
Point 104 768.0 538.0 1.0 177.0 1.0
Point 105 764.0 538.0 1.0 178.0 1.0
Point 106 762.0 536.0 1.0 179.0 1.0
Point 107 760.0 538.0 1.0 180.0 1.0
Point 108 760.0 538.0 1.0 181.0 1.0
Point 109 760.0 536.0 1.0 182.0 1.0
Point 110 768.0 538.0 1.0 183.0 1.0
Point 111 768.0 538.0 1.0 184.0 1.0
Point 112 768.0 538.0 1.0 185.0 1.0
Point 113 770.0 538.0 1.0 186.0 1.0
Point 114 776.0 538.0 1.0 187.0 1.0
Point 115 774.0 538.0 1.0 188.0 1.0
Point 116 774.0 538.0 1.0 189.0 1.0
Point 117 774.0 538.0 1.0 190.0 1.0
Point 118 774.0 538.0 1.0 191.0 1.0
Point 119 774.0 538.0 1.0 192.0 1.0
Point 120 774.0 538.0 1.0 193.0 1.0
Point 121 772.0 542.0 1.0 194.0 1.0
Point 122 768.0 542.0 1.0 195.0 1.0
Point 123 766.0 542.0 1.0 196.0 1.0
Point 124 764.0 542.0 1.0 197.0 1.0
Point 125 762.0 542.0 1.0 198.0 1.0
Point 126 758.0 542.0 1.0 199.0 1.0
Point 127 756.0 542.0 1.0 200.0 1.0
Point 128 752.0 542.0 1.0 201.0 1.0
Point 129 748.0 546.0 1.0 202.0 1.0
Point 130 748.0 544.0 1.0 203.0 1.0
Point 131 750.0 544.0 1.0 204.0 1.0
Point 132 750.0 544.0 1.0 205.0 1.0
Point 133 750.0 544.0 1.0 206.0 1.0
Point 134 752.0 548.0 1.0 207.0 1.0
Point 135 754.0 548.0 1.0 208.0 1.0
Point 136 756.0 548.0 1.0 209.0 1.0
Point 137 758.0 548.0 1.0 210.0 1.0
Point 138 758.0 548.0 1.0 211.0 1.0
Point 139 760.0 548.0 1.0 212.0 1.0
Point 140 764.0 544.0 1.0 213.0 1.0
Point 141 764.0 542.0 1.0 214.0 1.0
Point 142 764.0 542.0 1.0 215.0 1.0
Point 143 766.0 542.0 1.0 216.0 1.0
Point 144 766.0 542.0 1.0 217.0 1.0
Point 145 766.0 542.0 1.0 218.0 1.0
Point 146 766.0 542.0 1.0 219.0 1.0
Point 147 766.0 540.0 1.0 220.0 1.0
Point 148 758.0 540.0 1.0 221.0 1.0
Point 149 756.0 540.0 1.0 222.0 1.0
Point 150 756.0 540.0 1.0 223.0 1.0
Point 151 748.0 540.0 1.0 224.0 1.0
Point 152 742.0 540.0 1.0 225.0 1.0
Point 153 736.0 540.0 1.0 226.0 1.0
Point 154 732.0 540.0 1.0 227.0 1.0
Point 155 730.0 540.0 1.0 228.0 1.0
Point 156 730.0 540.0 1.0 229.0 1.0
Point 157 724.0 540.0 1.0 230.0 1.0
Point 158 724.0 540.0 1.0 231.0 1.0
Point 159 724.0 538.0 1.0 232.0 1.0
Point 160 728.0 534.0 1.0 233.0 1.0
Point 161 730.0 534.0 1.0 234.0 1.0
Point 162 730.0 534.0 1.0 235.0 1.0
Point 163 730.0 534.0 1.0 236.0 1.0
Point 164 736.0 530.0 1.0 237.0 1.0
Point 165 740.0 528.0 1.0 238.0 1.0
Point 166 742.0 528.0 1.0 239.0 1.0
Point 167 742.0 530.0 1.0 240.0 1.0
Point 168 744.0 534.0 1.0 241.0 1.0
Point 169 746.0 534.0 1.0 242.0 1.0
Point 170 746.0 540.0 1.0 243.0 1.0
Point 171 746.0 542.0 1.0 244.0 1.0
Point 172 746.0 542.0 1.0 245.0 1.0
Point 173 742.0 548.0 1.0 246.0 1.0
Point 174 738.0 554.0 1.0 247.0 1.0
Point 175 732.0 554.0 1.0 248.0 1.0
Point 176 730.0 554.0 1.0 249.0 1.0
Point 177 722.0 554.0 1.0 250.0 1.0
Point 178 720.0 554.0 1.0 251.0 1.0
Point 179 720.0 554.0 1.0 252.0 1.0
Point 180 712.0 550.0 1.0 253.0 1.0
Point 181 708.0 550.0 1.0 254.0 1.0
Point 182 704.0 550.0 1.0 255.0 1.0
Point 183 702.0 550.0 1.0 256.0 1.0
Point 184 700.0 550.0 1.0 257.0 1.0
Point 185 698.0 552.0 1.0 258.0 1.0
Point 186 698.0 558.0 1.0 259.0 1.0
Point 187 698.0 558.0 1.0 260.0 1.0
Point 188 698.0 558.0 1.0 261.0 1.0
Point 189 698.0 558.0 1.0 262.0 1.0
Point 190 702.0 556.0 1.0 263.0 1.0
Point 191 708.0 554.0 1.0 264.0 1.0
Point 192 708.0 552.0 1.0 265.0 1.0
Point 193 708.0 548.0 1.0 266.0 1.0
Point 194 708.0 548.0 1.0 267.0 1.0
Point 195 708.0 548.0 1.0 268.0 1.0
Point 196 714.0 550.0 1.0 269.0 1.0
Point 197 714.0 550.0 1.0 270.0 1.0
Point 198 718.0 552.0 1.0 271.0 1.0
Point 199 718.0 558.0 1.0 272.0 1.0
Point 200 718.0 558.0 1.0 273.0 1.0
Track 2 FFFF00 true
Point 1 782.0 442.0 1.0 73.0 1.0
Point 2 784.0 442.0 1.0 74.0 1.0
Point 3 784.0 440.0 1.0 75.0 1.0
Point 4 786.0 440.0 1.0 76.0 1.0
Point 5 786.0 440.0 1.0 77.0 1.0
Point 6 786.0 440.0 1.0 78.0 1.0
Point 7 784.0 442.0 1.0 79.0 1.0
Point 8 782.0 438.0 1.0 80.0 1.0
Point 9 784.0 438.0 1.0 81.0 1.0
Point 10 784.0 438.0 1.0 82.0 1.0
Point 11 784.0 438.0 1.0 83.0 1.0
Point 12 784.0 440.0 1.0 84.0 1.0
Point 13 782.0 440.0 1.0 85.0 1.0
Point 14 782.0 440.0 1.0 86.0 1.0
Point 15 782.0 438.0 1.0 87.0 1.0
Point 16 782.0 440.0 1.0 88.0 1.0
Point 17 782.0 440.0 1.0 89.0 1.0
Point 18 782.0 440.0 1.0 90.0 1.0
Point 19 780.0 440.0 1.0 91.0 1.0
Point 20 780.0 440.0 1.0 92.0 1.0
Point 21 782.0 440.0 1.0 93.0 1.0
Point 22 782.0 440.0 1.0 94.0 1.0
Point 23 782.0 440.0 1.0 95.0 1.0
Point 24 784.0 438.0 1.0 96.0 1.0
Point 25 784.0 436.0 1.0 97.0 1.0
Point 26 784.0 432.0 1.0 98.0 1.0
Point 27 784.0 434.0 1.0 99.0 1.0
Point 28 784.0 434.0 1.0 100.0 1.0
Point 29 778.0 434.0 1.0 101.0 1.0
Point 30 784.0 434.0 1.0 102.0 1.0
Point 31 788.0 434.0 1.0 103.0 1.0
Point 32 794.0 434.0 1.0 104.0 1.0
Point 33 794.0 434.0 1.0 105.0 1.0
Point 34 792.0 432.0 1.0 106.0 1.0
Point 35 788.0 428.0 1.0 107.0 1.0
Point 36 786.0 428.0 1.0 108.0 1.0
Point 37 782.0 428.0 1.0 109.0 1.0
Point 38 778.0 426.0 1.0 110.0 1.0
Point 39 780.0 426.0 1.0 111.0 1.0
Point 40 786.0 428.0 1.0 112.0 1.0
Point 41 786.0 428.0 1.0 113.0 1.0
Point 42 786.0 428.0 1.0 114.0 1.0
Point 43 786.0 428.0 1.0 115.0 1.0
Point 44 786.0 428.0 1.0 116.0 1.0
Point 45 790.0 428.0 1.0 117.0 1.0
Point 46 794.0 428.0 1.0 118.0 1.0
Point 47 788.0 428.0 1.0 119.0 1.0
Point 48 786.0 428.0 1.0 120.0 1.0
Point 49 780.0 428.0 1.0 121.0 1.0
Point 50 778.0 428.0 1.0 122.0 1.0
Point 51 782.0 428.0 1.0 123.0 1.0
Point 52 788.0 428.0 1.0 124.0 1.0
Point 53 794.0 428.0 1.0 125.0 1.0
Point 54 800.0 428.0 1.0 126.0 1.0
Point 55 796.0 426.0 1.0 127.0 1.0
Point 56 800.0 424.0 1.0 128.0 1.0
Point 57 800.0 426.0 1.0 129.0 1.0
Point 58 800.0 426.0 1.0 130.0 1.0
Point 59 796.0 432.0 1.0 131.0 1.0
Point 60 800.0 432.0 1.0 132.0 1.0
Point 61 802.0 434.0 1.0 133.0 1.0
Point 62 806.0 430.0 1.0 134.0 1.0
Point 63 808.0 430.0 1.0 135.0 1.0
Point 64 802.0 428.0 1.0 136.0 1.0
Point 65 800.0 428.0 1.0 137.0 1.0
Point 66 796.0 428.0 1.0 138.0 1.0
Point 67 796.0 428.0 1.0 139.0 1.0
Point 68 800.0 430.0 1.0 140.0 1.0
Point 69 802.0 432.0 1.0 141.0 1.0
Point 70 804.0 432.0 1.0 142.0 1.0
Point 71 806.0 430.0 1.0 143.0 1.0
Point 72 800.0 428.0 1.0 144.0 1.0
Point 73 798.0 428.0 1.0 145.0 1.0
Point 74 796.0 428.0 1.0 146.0 1.0
Point 75 792.0 428.0 1.0 147.0 1.0
Point 76 788.0 428.0 1.0 148.0 1.0
Point 77 784.0 428.0 1.0 149.0 1.0
Point 78 782.0 420.0 1.0 150.0 1.0
Point 79 782.0 422.0 1.0 151.0 1.0
Point 80 780.0 418.0 1.0 152.0 1.0
Point 81 776.0 420.0 1.0 153.0 1.0
Point 82 778.0 420.0 1.0 154.0 1.0
Point 83 780.0 418.0 1.0 155.0 1.0
Point 84 780.0 416.0 1.0 156.0 1.0
Point 85 782.0 414.0 1.0 157.0 1.0
Point 86 786.0 414.0 1.0 158.0 1.0
Point 87 790.0 414.0 1.0 159.0 1.0
Point 88 792.0 414.0 1.0 160.0 1.0
Point 89 794.0 412.0 1.0 161.0 1.0
Point 90 794.0 412.0 1.0 162.0 1.0
Point 91 794.0 412.0 1.0 163.0 1.0
Point 92 794.0 410.0 1.0 164.0 1.0
Point 93 792.0 410.0 1.0 165.0 1.0
Point 94 784.0 406.0 1.0 166.0 1.0
Point 95 784.0 402.0 1.0 167.0 1.0
Point 96 782.0 402.0 1.0 168.0 1.0
Point 97 778.0 400.0 1.0 169.0 1.0
Point 98 784.0 398.0 1.0 170.0 1.0
Point 99 782.0 400.0 1.0 171.0 1.0
Point 100 768.0 400.0 1.0 172.0 1.0
Point 101 774.0 400.0 1.0 173.0 1.0
Point 102 768.0 400.0 1.0 174.0 1.0
Point 103 766.0 398.0 1.0 175.0 1.0
Point 104 762.0 394.0 1.0 176.0 1.0
Point 105 760.0 392.0 1.0 177.0 1.0
Point 106 764.0 394.0 1.0 178.0 1.0
Point 107 776.0 390.0 1.0 179.0 1.0
Point 108 776.0 388.0 1.0 180.0 1.0
Point 109 782.0 388.0 1.0 181.0 1.0
Point 110 782.0 388.0 1.0 182.0 1.0
Point 111 782.0 382.0 1.0 183.0 1.0
Point 112 790.0 382.0 1.0 184.0 1.0
Point 113 786.0 380.0 1.0 185.0 1.0
Point 114 790.0 380.0 1.0 186.0 1.0
Point 115 788.0 382.0 1.0 187.0 1.0
Point 116 786.0 376.0 1.0 188.0 1.0
Point 117 780.0 376.0 1.0 189.0 1.0
Point 118 778.0 376.0 1.0 190.0 1.0
Point 119 778.0 374.0 1.0 191.0 1.0
Point 120 778.0 374.0 1.0 192.0 1.0
Point 121 790.0 374.0 1.0 193.0 1.0
Point 122 794.0 374.0 1.0 194.0 1.0
Point 123 798.0 380.0 1.0 195.0 1.0
Point 124 796.0 378.0 1.0 196.0 1.0
Point 125 786.0 376.0 1.0 197.0 1.0
Point 126 782.0 374.0 1.0 198.0 1.0
Point 127 778.0 374.0 1.0 199.0 1.0
Point 128 772.0 366.0 1.0 200.0 1.0
Point 129 768.0 370.0 1.0 201.0 1.0
Point 130 764.0 368.0 1.0 202.0 1.0
Point 131 758.0 368.0 1.0 203.0 1.0
Point 132 752.0 368.0 1.0 204.0 1.0
Point 133 748.0 368.0 1.0 205.0 1.0
Point 134 750.0 368.0 1.0 206.0 1.0
Point 135 752.0 368.0 1.0 207.0 1.0
Point 136 750.0 362.0 1.0 208.0 1.0
Point 137 756.0 360.0 1.0 209.0 1.0
Point 138 756.0 358.0 1.0 210.0 1.0
Point 139 758.0 358.0 1.0 211.0 1.0
Point 140 764.0 356.0 1.0 212.0 1.0
Point 141 772.0 352.0 1.0 213.0 1.0
Point 142 768.0 344.0 1.0 214.0 1.0
Point 143 772.0 344.0 1.0 215.0 1.0
Point 144 770.0 344.0 1.0 216.0 1.0
Point 145 770.0 344.0 1.0 217.0 1.0
Point 146 776.0 344.0 1.0 218.0 1.0
Point 147 770.0 340.0 1.0 219.0 1.0
Point 148 764.0 338.0 1.0 220.0 1.0
Point 149 758.0 334.0 1.0 221.0 1.0
Point 150 756.0 334.0 1.0 222.0 1.0
Point 151 750.0 332.0 1.0 223.0 1.0
Point 152 744.0 328.0 1.0 224.0 1.0
Point 153 738.0 328.0 1.0 225.0 1.0
Point 154 734.0 326.0 1.0 226.0 1.0
Point 155 728.0 320.0 1.0 227.0 1.0
Point 156 726.0 322.0 1.0 228.0 1.0
Point 157 728.0 320.0 1.0 229.0 1.0
Point 158 736.0 316.0 1.0 230.0 1.0
Point 159 732.0 312.0 1.0 231.0 1.0
Point 160 736.0 310.0 1.0 232.0 1.0
Point 161 734.0 308.0 1.0 233.0 1.0
Point 162 738.0 302.0 1.0 234.0 1.0
Point 163 742.0 302.0 1.0 235.0 1.0
Point 164 742.0 302.0 1.0 236.0 1.0
Point 165 744.0 296.0 1.0 237.0 1.0
Point 166 750.0 296.0 1.0 238.0 1.0
Point 167 752.0 296.0 1.0 239.0 1.0
Point 168 744.0 294.0 1.0 240.0 1.0
Point 169 744.0 290.0 1.0 241.0 1.0
Point 170 748.0 290.0 1.0 242.0 1.0
Point 171 746.0 288.0 1.0 243.0 1.0
Point 172 752.0 298.0 1.0 244.0 1.0
Point 173 756.0 294.0 1.0 245.0 1.0
Point 174 764.0 294.0 1.0 246.0 1.0
Point 175 766.0 294.0 1.0 247.0 1.0
Point 176 764.0 290.0 1.0 248.0 1.0
Point 177 760.0 284.0 1.0 249.0 1.0
Point 178 752.0 282.0 1.0 250.0 1.0
Point 179 750.0 278.0 1.0 251.0 1.0
Point 180 746.0 280.0 1.0 252.0 1.0
Point 181 738.0 280.0 1.0 253.0 1.0
Point 182 726.0 280.0 1.0 254.0 1.0
Point 183 720.0 280.0 1.0 255.0 1.0
Point 184 718.0 280.0 1.0 256.0 1.0
Point 185 712.0 280.0 1.0 257.0 1.0
Point 186 704.0 280.0 1.0 258.0 1.0
Point 187 704.0 276.0 1.0 259.0 1.0
Point 188 712.0 276.0 1.0 260.0 1.0
Point 189 712.0 270.0 1.0 261.0 1.0
Point 190 714.0 270.0 1.0 262.0 1.0
Point 191 714.0 270.0 1.0 263.0 1.0
Point 192 712.0 266.0 1.0 264.0 1.0
Point 193 712.0 266.0 1.0 265.0 1.0
Point 194 722.0 262.0 1.0 266.0 1.0
Point 195 724.0 260.0 1.0 267.0 1.0
Point 196 732.0 260.0 1.0 268.0 1.0
Point 197 732.0 260.0 1.0 269.0 1.0
Point 198 732.0 256.0 1.0 270.0 1.0
Point 199 724.0 254.0 1.0 271.0 1.0
Point 200 720.0 254.0 1.0 272.0 1.0
Point 201 712.0 254.0 1.0 273.0 1.0
End of MTrackJ Data File
