MTrackJ 1.5.1 Data File
Displaying true true true 1 2 0 0 100 10 0 0 0 2 1 12 0 true false false false
Assembly 1 FF0000
Cluster 1 FF0000
Track 1 FF0000 true
Point 1 812.7699530516431 483.7558685446009 1.0 89.0 1.0
Point 2 812.7699530516431 483.7558685446009 1.0 90.0 1.0
Point 3 812.7699530516431 483.7558685446009 1.0 91.0 1.0
Point 4 814.2723004694835 483.7558685446009 1.0 92.0 1.0
Point 5 814.2723004694835 483.7558685446009 1.0 93.0 1.0
Point 6 815.7746478873239 482.2535211267606 1.0 94.0 1.0
Point 7 815.7746478873239 480.7511737089202 1.0 95.0 1.0
Point 8 815.7746478873239 480.7511737089202 1.0 96.0 1.0
Point 9 815.7746478873239 480.7511737089202 1.0 97.0 1.0
Point 10 820.2816901408451 477.7464788732394 1.0 98.0 1.0
Point 11 818.7793427230047 479.2488262910798 1.0 99.0 1.0
Point 12 818.7793427230047 479.2488262910798 1.0 100.0 1.0
Point 13 818.7793427230047 479.2488262910798 1.0 101.0 1.0
Point 14 818.7793427230047 479.2488262910798 1.0 102.0 1.0
Point 15 818.7793427230047 479.2488262910798 1.0 103.0 1.0
Point 16 820.2816901408451 480.7511737089202 1.0 104.0 1.0
Point 17 823.2863849765258 480.7511737089202 1.0 105.0 1.0
Point 18 823.2863849765258 480.7511737089202 1.0 106.0 1.0
Point 19 823.2863849765258 480.7511737089202 1.0 107.0 1.0
Point 20 824.7887323943662 480.7511737089202 1.0 108.0 1.0
Point 21 826.2910798122066 480.7511737089202 1.0 109.0 1.0
Point 22 827.793427230047 480.7511737089202 1.0 110.0 1.0
Point 23 827.793427230047 480.7511737089202 1.0 111.0 1.0
Point 24 827.793427230047 480.7511737089202 1.0 112.0 1.0
Point 25 832.300469483568 480.7511737089202 1.0 113.0 1.0
Point 26 832.300469483568 482.2535211267606 1.0 114.0 1.0
Point 27 832.300469483568 482.2535211267606 1.0 115.0 1.0
Point 28 832.300469483568 485.2582159624413 1.0 116.0 1.0
Point 29 832.300469483568 486.76056338028167 1.0 117.0 1.0
Point 30 830.7981220657276 486.76056338028167 1.0 118.0 1.0
Point 31 827.793427230047 489.76525821596243 1.0 119.0 1.0
Point 32 827.793427230047 489.76525821596243 1.0 120.0 1.0
Point 33 824.7887323943662 495.7746478873239 1.0 121.0 1.0
Point 34 824.7887323943662 495.7746478873239 1.0 122.0 1.0
Point 35 824.7887323943662 495.7746478873239 1.0 123.0 1.0
Point 36 823.2863849765258 495.7746478873239 1.0 124.0 1.0
Point 37 818.7793427230047 498.7793427230047 1.0 125.0 1.0
Point 38 818.7793427230047 498.7793427230047 1.0 126.0 1.0
Point 39 818.7793427230047 498.7793427230047 1.0 127.0 1.0
Point 40 818.7793427230047 498.7793427230047 1.0 128.0 1.0
Point 41 818.7793427230047 498.7793427230047 1.0 129.0 1.0
Point 42 818.7793427230047 498.7793427230047 1.0 130.0 1.0
Point 43 817.2769953051643 498.7793427230047 1.0 131.0 1.0
Point 44 817.2769953051643 498.7793427230047 1.0 132.0 1.0
Point 45 817.2769953051643 498.7793427230047 1.0 133.0 1.0
Point 46 820.2816901408451 497.2769953051643 1.0 134.0 1.0
Point 47 820.2816901408451 497.2769953051643 1.0 135.0 1.0
Point 48 820.2816901408451 497.2769953051643 1.0 136.0 1.0
Point 49 823.2863849765258 497.2769953051643 1.0 137.0 1.0
Point 50 823.2863849765258 497.2769953051643 1.0 138.0 1.0
Point 51 824.7887323943662 497.2769953051643 1.0 139.0 1.0
Point 52 826.2910798122066 497.2769953051643 1.0 140.0 1.0
Point 53 826.2910798122066 497.2769953051643 1.0 141.0 1.0
Point 54 827.793427230047 497.2769953051643 1.0 142.0 1.0
Point 55 827.793427230047 498.7793427230047 1.0 143.0 1.0
Point 56 827.793427230047 498.7793427230047 1.0 144.0 1.0
Point 57 824.7887323943662 510.7981220657277 1.0 145.0 1.0
Point 58 824.7887323943662 510.7981220657277 1.0 146.0 1.0
Point 59 824.7887323943662 510.7981220657277 1.0 147.0 1.0
Point 60 824.7887323943662 510.7981220657277 1.0 148.0 1.0
Point 61 824.7887323943662 510.7981220657277 1.0 149.0 1.0
Point 62 815.7746478873239 501.78403755868544 1.0 150.0 1.0
Point 63 815.7746478873239 500.28169014084506 1.0 151.0 1.0
Point 64 814.2723004694835 498.7793427230047 1.0 152.0 1.0
Point 65 814.2723004694835 498.7793427230047 1.0 153.0 1.0
Point 66 812.7699530516431 501.78403755868544 1.0 154.0 1.0
Point 67 812.7699530516431 501.78403755868544 1.0 155.0 1.0
Point 68 812.7699530516431 501.78403755868544 1.0 156.0 1.0
Point 69 814.2723004694835 509.2957746478873 1.0 157.0 1.0
Point 70 814.2723004694835 509.2957746478873 1.0 158.0 1.0
Point 71 821.7840375586854 509.2957746478873 1.0 159.0 1.0
Point 72 823.2863849765258 510.7981220657277 1.0 160.0 1.0
Point 73 823.2863849765258 510.7981220657277 1.0 161.0 1.0
Point 74 824.7887323943662 510.7981220657277 1.0 162.0 1.0
Point 75 824.7887323943662 510.7981220657277 1.0 163.0 1.0
Point 76 827.793427230047 510.7981220657277 1.0 164.0 1.0
Point 77 827.793427230047 509.2957746478873 1.0 165.0 1.0
Point 78 829.2957746478872 509.2957746478873 1.0 166.0 1.0
Point 79 829.2957746478872 509.2957746478873 1.0 167.0 1.0
Point 80 829.2957746478872 509.2957746478873 1.0 168.0 1.0
Point 81 829.2957746478872 509.2957746478873 1.0 169.0 1.0
Point 82 829.2957746478872 509.2957746478873 1.0 170.0 1.0
Point 83 829.2957746478872 516.8075117370892 1.0 171.0 1.0
Point 84 829.2957746478872 516.8075117370892 1.0 172.0 1.0
Point 85 824.7887323943662 521.3145539906103 1.0 173.0 1.0
Point 86 823.2863849765258 519.8122065727699 1.0 174.0 1.0
Point 87 821.7840375586854 519.8122065727699 1.0 175.0 1.0
Point 88 817.2769953051643 521.3145539906103 1.0 176.0 1.0
Point 89 817.2769953051643 521.3145539906103 1.0 177.0 1.0
Point 90 812.7699530516431 521.3145539906103 1.0 178.0 1.0
Point 91 812.7699530516431 521.3145539906103 1.0 179.0 1.0
Point 92 812.7699530516431 521.3145539906103 1.0 180.0 1.0
Point 93 812.7699530516431 521.3145539906103 1.0 181.0 1.0
Point 94 814.2723004694835 521.3145539906103 1.0 182.0 1.0
Point 95 814.2723004694835 521.3145539906103 1.0 183.0 1.0
Point 96 814.2723004694835 521.3145539906103 1.0 184.0 1.0
Point 97 821.7840375586854 524.3192488262911 1.0 185.0 1.0
Point 98 821.7840375586854 524.3192488262911 1.0 186.0 1.0
Point 99 826.2910798122066 525.8215962441315 1.0 187.0 1.0
Point 100 829.2957746478872 525.8215962441315 1.0 188.0 1.0
Point 101 829.2957746478872 525.8215962441315 1.0 189.0 1.0
Point 102 832.300469483568 531.830985915493 1.0 190.0 1.0
Point 103 830.7981220657276 531.830985915493 1.0 191.0 1.0
Point 104 832.300469483568 531.830985915493 1.0 192.0 1.0
Point 105 833.8028169014084 531.830985915493 1.0 193.0 1.0
Point 106 833.8028169014084 531.830985915493 1.0 194.0 1.0
Point 107 835.3051643192488 524.3192488262911 1.0 195.0 1.0
Point 108 836.8075117370892 524.3192488262911 1.0 196.0 1.0
Point 109 836.8075117370892 519.8122065727699 1.0 197.0 1.0
Point 110 836.8075117370892 519.8122065727699 1.0 198.0 1.0
Point 111 829.2957746478872 518.3098591549295 1.0 199.0 1.0
Point 112 827.793427230047 518.3098591549295 1.0 200.0 1.0
Point 113 823.2863849765258 518.3098591549295 1.0 201.0 1.0
Point 114 820.2816901408451 519.8122065727699 1.0 202.0 1.0
Point 115 820.2816901408451 519.8122065727699 1.0 203.0 1.0
Point 116 817.2769953051643 524.3192488262911 1.0 204.0 1.0
Point 117 817.2769953051643 524.3192488262911 1.0 205.0 1.0
Point 118 817.2769953051643 525.8215962441315 1.0 206.0 1.0
Point 119 817.2769953051643 527.3239436619718 1.0 207.0 1.0
Point 120 817.2769953051643 527.3239436619718 1.0 208.0 1.0
Point 121 817.2769953051643 527.3239436619718 1.0 209.0 1.0
Point 122 820.2816901408451 527.3239436619718 1.0 210.0 1.0
Point 123 823.2863849765258 527.3239436619718 1.0 211.0 1.0
Point 124 829.2957746478872 525.8215962441315 1.0 212.0 1.0
Point 125 838.3098591549295 516.8075117370892 1.0 213.0 1.0
Point 126 838.3098591549295 516.8075117370892 1.0 214.0 1.0
Point 127 838.3098591549295 516.8075117370892 1.0 215.0 1.0
Point 128 838.3098591549295 518.3098591549295 1.0 216.0 1.0
Point 129 838.3098591549295 522.8169014084507 1.0 217.0 1.0
Point 130 838.3098591549295 522.8169014084507 1.0 218.0 1.0
Point 131 838.3098591549295 531.830985915493 1.0 219.0 1.0
Point 132 838.3098591549295 531.830985915493 1.0 220.0 1.0
Point 133 838.3098591549295 533.3333333333334 1.0 221.0 1.0
Point 134 833.8028169014084 536.338028169014 1.0 222.0 1.0
Point 135 827.793427230047 537.8403755868544 1.0 223.0 1.0
Point 136 827.793427230047 537.8403755868544 1.0 224.0 1.0
Point 137 827.793427230047 537.8403755868544 1.0 225.0 1.0
Point 138 820.2816901408451 537.8403755868544 1.0 226.0 1.0
Point 139 818.7793427230047 539.3427230046948 1.0 227.0 1.0
Point 140 815.7746478873239 539.3427230046948 1.0 228.0 1.0
Point 141 815.7746478873239 539.3427230046948 1.0 229.0 1.0
Point 142 817.2769953051643 539.3427230046948 1.0 230.0 1.0
Point 143 817.2769953051643 539.3427230046948 1.0 231.0 1.0
Point 144 820.2816901408451 540.8450704225352 1.0 232.0 1.0
Point 145 820.2816901408451 542.3474178403756 1.0 233.0 1.0
Point 146 823.2863849765258 545.3521126760563 1.0 234.0 1.0
Point 147 823.2863849765258 545.3521126760563 1.0 235.0 1.0
Point 148 823.2863849765258 545.3521126760563 1.0 236.0 1.0
Point 149 830.7981220657276 551.3615023474179 1.0 237.0 1.0
Point 150 836.8075117370892 554.3661971830986 1.0 238.0 1.0
Point 151 836.8075117370892 554.3661971830986 1.0 239.0 1.0
Point 152 836.8075117370892 554.3661971830986 1.0 240.0 1.0
Point 153 836.8075117370892 554.3661971830986 1.0 241.0 1.0
Point 154 838.3098591549295 552.8638497652582 1.0 242.0 1.0
Point 155 839.8122065727699 549.8591549295775 1.0 243.0 1.0
Point 156 841.3145539906103 549.8591549295775 1.0 244.0 1.0
Point 157 841.3145539906103 549.8591549295775 1.0 245.0 1.0
Point 158 829.2957746478872 542.3474178403756 1.0 246.0 1.0
Point 159 829.2957746478872 542.3474178403756 1.0 247.0 1.0
Point 160 826.2910798122066 543.8497652582159 1.0 248.0 1.0
Point 161 818.7793427230047 546.8544600938967 1.0 249.0 1.0
Point 162 811.2676056338028 546.8544600938967 1.0 250.0 1.0
Point 163 806.7605633802816 546.8544600938967 1.0 251.0 1.0
Point 164 806.7605633802816 546.8544600938967 1.0 252.0 1.0
Point 165 806.7605633802816 546.8544600938967 1.0 253.0 1.0
Point 166 802.2535211267606 545.3521126760563 1.0 254.0 1.0
Point 167 800.7511737089202 545.3521126760563 1.0 255.0 1.0
Point 168 800.7511737089202 545.3521126760563 1.0 256.0 1.0
Point 169 800.7511737089202 545.3521126760563 1.0 257.0 1.0
Point 170 800.7511737089202 545.3521126760563 1.0 258.0 1.0
Point 171 802.2535211267606 542.3474178403756 1.0 259.0 1.0
Point 172 806.7605633802816 540.8450704225352 1.0 260.0 1.0
Point 173 806.7605633802816 540.8450704225352 1.0 261.0 1.0
Point 174 806.7605633802816 540.8450704225352 1.0 262.0 1.0
Point 175 815.7746478873239 539.3427230046948 1.0 263.0 1.0
Point 176 827.793427230047 543.8497652582159 1.0 264.0 1.0
Point 177 829.2957746478872 545.3521126760563 1.0 265.0 1.0
Point 178 830.7981220657276 546.8544600938967 1.0 266.0 1.0
Point 179 823.2863849765258 551.3615023474179 1.0 267.0 1.0
Point 180 815.7746478873239 551.3615023474179 1.0 268.0 1.0
Point 181 805.2582159624413 551.3615023474179 1.0 269.0 1.0
Point 182 799.2488262910798 543.8497652582159 1.0 270.0 1.0
Point 183 788.7323943661971 543.8497652582159 1.0 271.0 1.0
Point 184 782.7230046948357 543.8497652582159 1.0 272.0 1.0
Point 185 781.2206572769953 543.8497652582159 1.0 273.0 1.0
Point 186 781.2206572769953 543.8497652582159 1.0 274.0 1.0
Point 187 769.2018779342723 543.8497652582159 1.0 275.0 1.0
Point 188 764.6948356807511 543.8497652582159 1.0 276.0 1.0
Point 189 755.6807511737089 543.8497652582159 1.0 277.0 1.0
Point 190 751.1737089201878 543.8497652582159 1.0 278.0 1.0
Point 191 745.1643192488262 545.3521126760563 1.0 279.0 1.0
Point 192 740.6572769953051 551.3615023474179 1.0 280.0 1.0
Track 2 FFFF00 true
Point 1 812.7699530516431 378.59154929577466 1.0 88.0 1.0
Point 2 812.7699530516431 378.59154929577466 1.0 89.0 1.0
Point 3 812.7699530516431 378.59154929577466 1.0 90.0 1.0
Point 4 812.7699530516431 378.59154929577466 1.0 91.0 1.0
Point 5 812.7699530516431 378.59154929577466 1.0 92.0 1.0
Point 6 812.7699530516431 378.59154929577466 1.0 93.0 1.0
Point 7 812.7699530516431 378.59154929577466 1.0 94.0 1.0
Point 8 812.7699530516431 378.59154929577466 1.0 95.0 1.0
Point 9 812.7699530516431 378.59154929577466 1.0 96.0 1.0
Point 10 814.2723004694835 378.59154929577466 1.0 97.0 1.0
Point 11 815.7746478873239 378.59154929577466 1.0 98.0 1.0
Point 12 815.7746478873239 378.59154929577466 1.0 99.0 1.0
Point 13 817.2769953051643 378.59154929577466 1.0 100.0 1.0
Point 14 820.2816901408451 378.59154929577466 1.0 101.0 1.0
Point 15 823.2863849765258 377.0892018779343 1.0 102.0 1.0
Point 16 824.7887323943662 377.0892018779343 1.0 103.0 1.0
Point 17 824.7887323943662 377.0892018779343 1.0 104.0 1.0
Point 18 824.7887323943662 377.0892018779343 1.0 105.0 1.0
Point 19 824.7887323943662 377.0892018779343 1.0 106.0 1.0
Point 20 826.2910798122066 377.0892018779343 1.0 107.0 1.0
Point 21 830.7981220657276 377.0892018779343 1.0 108.0 1.0
Point 22 830.7981220657276 377.0892018779343 1.0 109.0 1.0
Point 23 830.7981220657276 377.0892018779343 1.0 110.0 1.0
Point 24 833.8028169014084 377.0892018779343 1.0 111.0 1.0
Point 25 835.3051643192488 377.0892018779343 1.0 112.0 1.0
Point 26 835.3051643192488 377.0892018779343 1.0 113.0 1.0
Point 27 838.3098591549295 378.59154929577466 1.0 114.0 1.0
Point 28 838.3098591549295 378.59154929577466 1.0 115.0 1.0
Point 29 839.8122065727699 378.59154929577466 1.0 116.0 1.0
Point 30 839.8122065727699 378.59154929577466 1.0 117.0 1.0
Point 31 845.8215962441315 384.60093896713613 1.0 118.0 1.0
Point 32 845.8215962441315 384.60093896713613 1.0 119.0 1.0
Point 33 850.3286384976526 386.1032863849765 1.0 120.0 1.0
Point 34 850.3286384976526 386.1032863849765 1.0 121.0 1.0
Point 35 850.3286384976526 389.1079812206573 1.0 122.0 1.0
Point 36 847.3239436619718 389.1079812206573 1.0 123.0 1.0
Point 37 839.8122065727699 389.1079812206573 1.0 124.0 1.0
Point 38 835.3051643192488 389.1079812206573 1.0 125.0 1.0
Point 39 835.3051643192488 389.1079812206573 1.0 126.0 1.0
Point 40 833.8028169014084 389.1079812206573 1.0 127.0 1.0
Point 41 833.8028169014084 389.1079812206573 1.0 128.0 1.0
Point 42 833.8028169014084 389.1079812206573 1.0 129.0 1.0
Point 43 833.8028169014084 389.1079812206573 1.0 130.0 1.0
Point 44 833.8028169014084 389.1079812206573 1.0 131.0 1.0
Point 45 830.7981220657276 389.1079812206573 1.0 132.0 1.0
Point 46 830.7981220657276 389.1079812206573 1.0 133.0 1.0
Point 47 830.7981220657276 389.1079812206573 1.0 134.0 1.0
Point 48 826.2910798122066 389.1079812206573 1.0 135.0 1.0
Point 49 826.2910798122066 389.1079812206573 1.0 136.0 1.0
Point 50 826.2910798122066 387.6056338028169 1.0 137.0 1.0
Point 51 826.2910798122066 387.6056338028169 1.0 138.0 1.0
Point 52 826.2910798122066 387.6056338028169 1.0 139.0 1.0
Point 53 829.2957746478872 387.6056338028169 1.0 140.0 1.0
Point 54 832.300469483568 387.6056338028169 1.0 141.0 1.0
Point 55 829.2957746478872 387.6056338028169 1.0 142.0 1.0
Point 56 827.793427230047 387.6056338028169 1.0 143.0 1.0
Point 57 821.7840375586854 387.6056338028169 1.0 144.0 1.0
Point 58 817.2769953051643 386.1032863849765 1.0 145.0 1.0
Point 59 817.2769953051643 386.1032863849765 1.0 146.0 1.0
Point 60 808.262910798122 381.59624413145536 1.0 147.0 1.0
Point 61 800.7511737089202 381.59624413145536 1.0 148.0 1.0
Point 62 803.755868544601 378.59154929577466 1.0 149.0 1.0
Point 63 803.755868544601 378.59154929577466 1.0 150.0 1.0
Point 64 802.2535211267606 372.5821596244131 1.0 151.0 1.0
Point 65 800.7511737089202 374.0845070422535 1.0 152.0 1.0
Point 66 800.7511737089202 374.0845070422535 1.0 153.0 1.0
Point 67 800.7511737089202 374.0845070422535 1.0 154.0 1.0
Point 68 796.244131455399 374.0845070422535 1.0 155.0 1.0
Point 69 796.244131455399 374.0845070422535 1.0 156.0 1.0
Point 70 796.244131455399 374.0845070422535 1.0 157.0 1.0
Point 71 803.755868544601 378.59154929577466 1.0 158.0 1.0
Point 72 808.262910798122 375.5868544600939 1.0 159.0 1.0
Point 73 812.7699530516431 375.5868544600939 1.0 160.0 1.0
Point 74 814.2723004694835 372.5821596244131 1.0 161.0 1.0
Point 75 817.2769953051643 372.5821596244131 1.0 162.0 1.0
Point 76 818.7793427230047 368.07511737089203 1.0 163.0 1.0
Point 77 824.7887323943662 368.07511737089203 1.0 164.0 1.0
Point 78 824.7887323943662 368.07511737089203 1.0 165.0 1.0
Point 79 823.2863849765258 368.07511737089203 1.0 166.0 1.0
Point 80 823.2863849765258 368.07511737089203 1.0 167.0 1.0
Point 81 823.2863849765258 368.07511737089203 1.0 168.0 1.0
Point 82 827.793427230047 366.57276995305165 1.0 169.0 1.0
Point 83 830.7981220657276 366.57276995305165 1.0 170.0 1.0
Point 84 833.8028169014084 369.57746478873236 1.0 171.0 1.0
Point 85 836.8075117370892 369.57746478873236 1.0 172.0 1.0
Point 86 841.3145539906103 369.57746478873236 1.0 173.0 1.0
Point 87 842.8169014084507 371.07981220657274 1.0 174.0 1.0
Point 88 838.3098591549295 371.07981220657274 1.0 175.0 1.0
Point 89 824.7887323943662 369.57746478873236 1.0 176.0 1.0
Point 90 818.7793427230047 365.07042253521126 1.0 177.0 1.0
Point 91 821.7840375586854 365.07042253521126 1.0 178.0 1.0
Point 92 821.7840375586854 366.57276995305165 1.0 179.0 1.0
Point 93 820.2816901408451 362.0657276995305 1.0 180.0 1.0
Point 94 820.2816901408451 362.0657276995305 1.0 181.0 1.0
Point 95 817.2769953051643 354.55399061032864 1.0 182.0 1.0
Point 96 817.2769953051643 357.5586854460094 1.0 183.0 1.0
Point 97 814.2723004694835 357.5586854460094 1.0 184.0 1.0
Point 98 814.2723004694835 359.06103286384973 1.0 185.0 1.0
Point 99 817.2769953051643 360.5633802816901 1.0 186.0 1.0
Point 100 820.2816901408451 360.5633802816901 1.0 187.0 1.0
Point 101 827.793427230047 362.0657276995305 1.0 188.0 1.0
Point 102 830.7981220657276 362.0657276995305 1.0 189.0 1.0
Point 103 838.3098591549295 362.0657276995305 1.0 190.0 1.0
Point 104 841.3145539906103 362.0657276995305 1.0 191.0 1.0
Point 105 835.3051643192488 359.06103286384973 1.0 192.0 1.0
Point 106 833.8028169014084 359.06103286384973 1.0 193.0 1.0
Point 107 821.7840375586854 354.55399061032864 1.0 194.0 1.0
Point 108 817.2769953051643 347.0422535211267 1.0 195.0 1.0
Point 109 817.2769953051643 347.0422535211267 1.0 196.0 1.0
Point 110 811.2676056338028 342.53521126760563 1.0 197.0 1.0
Point 111 805.2582159624413 339.53051643192487 1.0 198.0 1.0
Point 112 803.755868544601 335.0234741784037 1.0 199.0 1.0
Point 113 800.7511737089202 335.0234741784037 1.0 200.0 1.0
Point 114 797.7464788732394 335.0234741784037 1.0 201.0 1.0
Point 115 794.7417840375587 335.0234741784037 1.0 202.0 1.0
Point 116 788.7323943661971 335.0234741784037 1.0 203.0 1.0
Point 117 794.7417840375587 336.5258215962441 1.0 204.0 1.0
Point 118 799.2488262910798 336.5258215962441 1.0 205.0 1.0
Point 119 800.7511737089202 335.0234741784037 1.0 206.0 1.0
Point 120 800.7511737089202 330.5164319248826 1.0 207.0 1.0
Point 121 803.755868544601 327.51173708920186 1.0 208.0 1.0
Point 122 806.7605633802816 326.0093896713615 1.0 209.0 1.0
Point 123 814.2723004694835 323.00469483568077 1.0 210.0 1.0
Point 124 820.2816901408451 320.0 1.0 211.0 1.0
Point 125 823.2863849765258 315.49295774647885 1.0 212.0 1.0
Point 126 826.2910798122066 310.98591549295776 1.0 213.0 1.0
Point 127 824.7887323943662 310.98591549295776 1.0 214.0 1.0
Point 128 823.2863849765258 310.98591549295776 1.0 215.0 1.0
Point 129 821.7840375586854 309.4835680751174 1.0 216.0 1.0
Point 130 832.300469483568 307.981220657277 1.0 217.0 1.0
Point 131 838.3098591549295 307.981220657277 1.0 218.0 1.0
Point 132 839.8122065727699 307.981220657277 1.0 219.0 1.0
Point 133 841.3145539906103 307.981220657277 1.0 220.0 1.0
Point 134 857.8403755868544 306.4788732394366 1.0 221.0 1.0
Point 135 851.8309859154929 306.4788732394366 1.0 222.0 1.0
Point 136 841.3145539906103 306.4788732394366 1.0 223.0 1.0
Point 137 833.8028169014084 301.97183098591546 1.0 224.0 1.0
Point 138 829.2957746478872 300.46948356807513 1.0 225.0 1.0
Point 139 821.7840375586854 295.962441314554 1.0 226.0 1.0
Point 140 820.2816901408451 295.962441314554 1.0 227.0 1.0
Point 141 818.7793427230047 294.4600938967136 1.0 228.0 1.0
Point 142 817.2769953051643 288.4507042253521 1.0 229.0 1.0
Point 143 817.2769953051643 282.4413145539906 1.0 230.0 1.0
Point 144 817.2769953051643 282.4413145539906 1.0 231.0 1.0
Point 145 815.7746478873239 282.4413145539906 1.0 232.0 1.0
Point 146 809.7652582159624 277.9342723004695 1.0 233.0 1.0
Point 147 809.7652582159624 277.9342723004695 1.0 234.0 1.0
Point 148 806.7605633802816 274.92957746478874 1.0 235.0 1.0
Point 149 808.262910798122 274.92957746478874 1.0 236.0 1.0
Point 150 814.2723004694835 274.92957746478874 1.0 237.0 1.0
Point 151 826.2910798122066 270.4225352112676 1.0 238.0 1.0
Point 152 832.300469483568 267.4178403755868 1.0 239.0 1.0
Point 153 838.3098591549295 264.4131455399061 1.0 240.0 1.0
Point 154 841.3145539906103 259.90610328638496 1.0 241.0 1.0
Point 155 833.8028169014084 250.89201877934272 1.0 242.0 1.0
Point 156 826.2910798122066 243.38028169014083 1.0 243.0 1.0
Point 157 821.7840375586854 243.38028169014083 1.0 244.0 1.0
Point 158 802.2535211267606 240.3755868544601 1.0 245.0 1.0
Point 159 785.7276995305164 238.8732394366197 1.0 246.0 1.0
Point 160 773.7089201877934 237.37089201877933 1.0 247.0 1.0
Point 161 770.7042253521126 232.8638497652582 1.0 248.0 1.0
Point 162 773.7089201877934 231.36150234741783 1.0 249.0 1.0
Point 163 781.2206572769953 228.3568075117371 1.0 250.0 1.0
Point 164 787.2300469483567 211.83098591549296 1.0 251.0 1.0
Point 165 787.2300469483567 210.32863849765258 1.0 252.0 1.0
Point 166 784.225352112676 204.31924882629107 1.0 253.0 1.0
Point 167 778.2159624413146 202.8169014084507 1.0 254.0 1.0
Point 168 778.2159624413146 202.8169014084507 1.0 255.0 1.0
Point 169 767.6995305164319 193.80281690140845 1.0 256.0 1.0
Point 170 773.7089201877934 183.28638497652582 1.0 257.0 1.0
Point 171 776.7136150234742 181.78403755868544 1.0 258.0 1.0
Point 172 781.2206572769953 178.7793427230047 1.0 259.0 1.0
Point 173 787.2300469483567 169.76525821596243 1.0 260.0 1.0
Point 174 788.7323943661971 163.75586854460093 1.0 261.0 1.0
Point 175 790.2347417840375 157.74647887323943 1.0 262.0 1.0
Point 176 790.2347417840375 150.23474178403757 1.0 263.0 1.0
Point 177 790.2347417840375 150.23474178403757 1.0 264.0 1.0
Point 178 797.7464788732394 148.73239436619718 1.0 265.0 1.0
Point 179 814.2723004694835 138.21596244131456 1.0 266.0 1.0
Point 180 824.7887323943662 138.21596244131456 1.0 267.0 1.0
Point 181 839.8122065727699 129.2018779342723 1.0 268.0 1.0
Point 182 841.3145539906103 118.68544600938966 1.0 269.0 1.0
Point 183 827.793427230047 111.17370892018779 1.0 270.0 1.0
Point 184 805.2582159624413 111.17370892018779 1.0 271.0 1.0
Point 185 788.7323943661971 112.67605633802816 1.0 272.0 1.0
Point 186 770.7042253521126 112.67605633802816 1.0 273.0 1.0
Point 187 763.1924882629107 108.16901408450704 1.0 274.0 1.0
Point 188 760.1877934272301 100.65727699530517 1.0 275.0 1.0
Point 189 758.6854460093897 96.15023474178403 1.0 276.0 1.0
Point 190 755.6807511737089 78.12206572769952 1.0 277.0 1.0
Point 191 755.6807511737089 76.61971830985915 1.0 278.0 1.0
Point 192 754.1784037558685 72.11267605633803 1.0 279.0 1.0
Point 193 746.6666666666666 69.10798122065728 1.0 280.0 1.0
End of MTrackJ Data File
