ms,pos,steps,strain,g
0,0.000,200,-1786.00,-4.861
3,0.000,200,-1854.00,-5.174
93,0.000,200,-4454.00,-17.179
185,0.000,200,-13470.00,-58.805
276,0.000,200,-25180.00,-112.870
369,0.000,200,-38026.00,-172.179
461,0.000,200,-50441.00,-229.499
552,0.000,200,-61721.00,-281.578
644,0.000,200,-70968.00,-324.271
735,0.000,200,-78436.00,-358.751
827,0.000,200,-85588.00,-391.771
919,0.000,200,-89438.00,-409.547
1011,0.000,200,-85102.00,-389.528
1102,0.000,200,-72006.00,-329.064
1194,0.000,200,-55568.00,-253.170
1285,0.000,200,-41747.00,-189.359
1377,0.000,200,-30579.00,-137.797
1469,0.000,200,-20887.00,-93.049
1561,0.000,200,-12308.00,-53.440
1653,0.000,200,-5358.00,-21.352
1744,0.000,200,617.00,6.234
1835,0.000,200,4666.00,24.928
1927,0.000,200,5639.00,29.420
2019,0.000,200,5393.00,28.285
2110,0.000,200,5315.00,27.925
2203,0.000,200,5168.00,27.246
2294,0.000,200,4901.00,26.013
2386,0.000,200,4773.00,25.422
2477,0.000,200,4737.00,25.256
2569,0.000,200,4648.00,24.845
2660,0.000,200,4559.00,24.434
2752,0.000,200,4437.00,23.871
2844,0.000,200,4387.00,23.640
2936,0.000,200,4391.00,23.658
3028,0.000,200,4329.00,23.372
3119,0.000,200,4218.00,22.860
3211,0.000,200,4143.00,22.513
3302,0.000,200,4109.00,22.356
3395,0.000,200,4050.00,22.084
3486,0.000,200,3986.00,21.789
3578,0.000,200,4025.00,21.969
3669,0.000,200,3991.00,21.812
3761,0.000,200,3878.00,21.290
3852,0.000,200,3860.00,21.207
3944,0.000,200,3868.00,21.244
4036,0.000,200,3854.00,21.179
4128,0.000,200,3840.00,21.115
4220,0.000,200,3820.00,21.022
4311,0.000,200,3778.00,20.828
4403,0.000,200,3713.00,20.528
4494,0.000,200,3706.00,20.496
4586,0.000,200,3657.00,20.270
4678,0.000,200,3665.00,20.307
4770,0.000,200,3683.00,20.390
4861,0.000,200,3573.00,19.882