ms,pos,steps,strain,g
0,0.000,200,-11.00,3.335
2,0.000,200,-73.00,3.048
78,0.000,200,-2179.00,-6.675
171,0.000,200,-11673.00,-50.508
263,0.000,200,-25122.00,-112.602
354,0.000,200,-38561.00,-174.649
446,0.000,200,-52360.00,-238.359
537,0.000,200,-67555.00,-308.514
629,0.000,200,-82815.00,-378.969
720,0.000,200,-98023.00,-449.183
813,0.000,200,-113463.00,-520.469
904,0.000,200,-127112.00,-583.486
996,0.000,200,-131325.00,-602.938
1087,0.000,200,-122042.00,-560.078
1179,0.000,200,-105194.00,-482.292
1270,0.000,200,-88388.00,-404.699
1363,0.000,200,-72162.00,-329.784
1454,0.000,200,-56651.00,-258.170
1546,0.000,200,-41900.00,-190.065
1637,0.000,200,-28319.00,-127.362
1729,0.000,200,-15885.00,-69.955
1820,0.000,200,-4401.00,-16.934
1912,0.000,200,1016.00,8.076
2004,0.000,200,1448.00,10.071
2095,0.000,200,1302.00,9.397
2187,0.000,200,1258.00,9.194
2278,0.000,200,1105.00,8.487
2370,0.000,200,988.00,7.947
2461,0.000,200,956.00,7.799
2553,0.000,200,861.00,7.361
2645,0.000,200,831.00,7.222
2737,0.000,200,852.00,7.319
2828,0.000,200,799.00,7.074
2920,0.000,200,747.00,6.834
3011,0.000,200,675.00,6.502
3103,0.000,200,632.00,6.303
3194,0.000,200,670.00,6.479
3287,0.000,200,698.00,6.608
3378,0.000,200,704.00,6.636
3470,0.000,200,594.00,6.128
3561,0.000,200,557.00,5.957
3653,0.000,200,535.00,5.855
3744,0.000,200,562.00,5.980
3837,0.000,200,569.00,6.012
3928,0.000,200,512.00,5.749
4020,0.000,200,536.00,5.860
4111,0.000,200,560.00,5.971
4203,0.000,200,572.00,6.026
4294,0.000,200,628.00,6.285
4386,0.000,200,631.00,6.299
4478,0.000,200,619.00,6.243
4570,0.000,200,590.00,6.109
4661,0.000,200,492.00,5.657
4753,0.000,200,456.00,5.491
4844,0.000,200,467.00,5.542