ms,pos,steps,strain,g
0,0.000,200,32.00,3.533
2,0.000,200,45.00,3.593
19,0.000,200,-231.00,2.319
111,0.000,200,-5095.00,-20.138
203,0.000,200,-18748.00,-83.173
294,0.000,200,-36404.00,-164.691
387,0.000,200,-54671.00,-249.029
478,0.000,200,-72316.00,-330.495
570,0.000,200,-91125.00,-417.336
661,0.000,200,-112273.00,-514.975
753,0.000,200,-133587.00,-613.381
845,0.000,200,-154372.00,-709.345
936,0.000,200,-169416.00,-778.802
1029,0.000,200,-168384.00,-774.038
1120,0.000,200,-149773.00,-688.111
1212,0.000,200,-124466.00,-571.270
1303,0.000,200,-99661.00,-456.746
1395,0.000,200,-75292.00,-344.235
1486,0.000,200,-52741.00,-240.118
1579,0.000,200,-33271.00,-150.226
1670,0.000,200,-17157.00,-75.828
1762,0.000,200,-4696.00,-18.296
1853,0.000,200,2784.00,16.239
1945,0.000,200,4707.00,25.117
2037,0.000,200,4648.00,24.845
2128,0.000,200,4573.00,24.499
2221,0.000,200,4492.00,24.125
2312,0.000,200,4461.00,23.982
2404,0.000,200,4383.00,23.622
2495,0.000,200,4373.00,23.575
2587,0.000,200,4369.00,23.557
2678,0.000,200,4370.00,23.562
2770,0.000,200,4425.00,23.815
2862,0.000,200,4431.00,23.843
2954,0.000,200,4419.00,23.788
3046,0.000,200,4396.00,23.682
3137,0.000,200,4385.00,23.631
3229,0.000,200,4391.00,23.658
3320,0.000,200,4416.00,23.774
3413,0.000,200,4429.00,23.834
3504,0.000,200,4446.00,23.912
3596,0.000,200,4372.00,23.571
3687,0.000,200,4353.00,23.483
3779,0.000,200,4358.00,23.506
3871,0.000,200,4387.00,23.640