ms,pos,steps,strain,g
0,0.000,200,4035.00,22.015
2,0.000,200,4014.00,21.918
34,0.000,200,3578.00,19.905
126,0.000,200,-2024.00,-5.959
217,0.000,200,-14979.00,-65.772
310,0.000,200,-28829.00,-129.717
401,0.000,200,-41294.00,-187.268
493,0.000,200,-52099.00,-237.154
584,0.000,200,-61223.00,-279.279
676,0.000,200,-68508.00,-312.914
767,0.000,200,-73832.00,-337.494
859,0.000,200,-77435.00,-354.129
951,0.000,200,-76890.00,-351.613
1043,0.000,200,-69315.00,-316.640
1134,0.000,200,-54678.00,-249.061
1226,0.000,200,-39710.00,-179.954
1317,0.000,200,-27479.00,-123.484
1409,0.000,200,-17398.00,-76.941
1500,0.000,200,-8803.00,-37.258
1593,0.000,200,-1372.00,-2.949
1684,0.000,200,5019.00,26.558
1776,0.000,200,10438.00,51.577
1867,0.000,200,13456.00,65.511
1959,0.000,200,13494.00,65.687
2050,0.000,200,12716.00,62.095
2142,0.000,200,12252.00,59.952
2234,0.000,200,11931.00,58.470
2326,0.000,200,11662.00,57.228
2417,0.000,200,11491.00,56.439
2509,0.000,200,11269.00,55.414
2600,0.000,200,11163.00,54.925
2692,0.000,200,11037.00,54.343
2783,0.000,200,10921.00,53.807
2876,0.000,200,10814.00,53.313
2967,0.000,200,10708.00,52.824
3059,0.000,200,10651.00,52.561
3150,0.000,200,10637.00,52.496