ms,pos,steps,strain,g
0,0.000,200,162.00,4.133
2,0.000,200,16.00,3.459
79,0.000,200,-5303.00,-21.098
171,0.000,200,-28184.00,-126.739
262,0.000,200,-58125.00,-264.976
354,0.000,200,-86358.00,-395.326
445,0.000,200,-120295.00,-552.012
538,0.000,200,-153773.00,-706.579
629,0.000,200,-184689.00,-849.317
721,0.000,200,-212903.00,-979.580
812,0.000,200,-238203.00,-1096.390
904,0.000,200,-256580.00,-1181.235
995,0.000,200,-254396.00,-1171.152
1087,0.000,200,-226660.00,-1043.096
1179,0.000,200,-183129.00,-842.115
1271,0.000,200,-141619.00,-650.465
1362,0.000,200,-103909.00,-476.359
1454,0.000,200,-69221.00,-316.206
1545,0.000,200,-36978.00,-167.341
1637,0.000,200,-10334.00,-44.326
1728,0.000,200,7881.00,39.772
1820,0.000,200,17348.00,83.481
1912,0.000,200,18676.00,89.612
2003,0.000,200,18420.00,88.430
2095,0.000,200,18294.00,87.848
2186,0.000,200,18126.00,87.072
2278,0.000,200,17938.00,86.205
2369,0.000,200,17761.00,85.387
2462,0.000,200,17601.00,84.649
2553,0.000,200,17472.00,84.053
2645,0.000,200,17328.00,83.388
2736,0.000,200,17264.00,83.093
2828,0.000,200,17177.00,82.691
2919,0.000,200,17069.00,82.192
3012,0.000,200,16951.00,81.648
3103,0.000,200,16902.00,81.421
3195,0.000,200,16797.00,80.937
3286,0.000,200,16730.00,80.627
3378,0.000,200,16704.00,80.507
3469,0.000,200,16684.00,80.415
3561,0.000,200,16621.00,80.124