ms,pos,steps,strain,g
0,0.000,200,55.00,3.639
2,0.000,200,21.00,3.482
24,0.000,200,12.00,3.441
115,0.000,200,1.00,3.390
207,0.000,200,-42.00,3.191
299,0.000,200,-19.00,3.298
391,0.000,200,-24.00,3.275
483,0.000,200,-542.00,0.883
574,0.000,200,-3342.00,-12.045
666,0.000,200,-10348.00,-44.391
757,0.000,200,-18807.00,-83.446
849,0.000,200,-25213.00,-113.022
942,0.000,200,-34237.00,-154.686
1033,0.000,200,-47728.00,-216.973
1125,0.000,200,-61785.00,-281.874
1216,0.000,200,-70084.00,-320.190
1308,0.000,200,-71210.00,-325.389
1399,0.000,200,-78984.00,-361.281
1491,0.000,200,-85878.00,-393.110
1583,0.000,200,-97402.00,-446.316
1675,0.000,200,-103179.00,-472.988
1767,0.000,200,-80354.00,-367.606
1858,0.000,200,-62956.00,-287.280
1950,0.000,200,-71416.00,-326.340
2041,0.000,200,-87431.00,-400.280
2134,0.000,200,-105903.00,-485.565
2225,0.000,200,-121861.00,-559.243
2317,0.000,200,-135154.00,-620.616
2408,0.000,200,-135333.00,-621.442
2500,0.000,200,-114281.00,-524.246
2592,0.000,200,-112593.00,-516.453
2683,0.000,200,-115596.00,-530.317
2776,0.000,200,-132745.00,-609.494
2867,0.000,200,-152558.00,-700.970
2959,0.000,200,-170549.00,-784.033
3050,0.000,200,-185688.00,-853.930
3142,0.000,200,-200681.00,-923.152
3233,0.000,200,-214962.00,-989.087
3325,0.000,200,-229823.00,-1057.699
3418,0.000,200,-245274.00,-1129.036
3509,0.000,200,-260889.00,-1201.130
3601,0.000,200,-276900.00,-1275.052
3692,0.000,200,-291431.00,-1342.141
3784,0.000,200,-306657.00,-1412.439
3875,0.000,200,-320662.00,-1477.100
3968,0.000,200,-334348.00,-1540.288
4059,0.000,200,-347482.00,-1600.927
4151,0.000,200,-359985.00,-1658.653
4243,0.000,200,-372299.00,-1715.506
4334,0.000,200,-382695.00,-1763.504
4426,0.000,200,-393688.00,-1814.258
4517,0.000,200,-403585.00,-1859.953
4610,0.000,200,-413082.00,-1903.800
4701,0.000,200,-422502.00,-1947.292
4793,0.000,200,-431950.00,-1990.913
4884,0.000,200,-441497.00,-2034.991
4976,0.000,200,-449015.00,-2069.701
5067,0.000,200,-454682.00,-2095.865
5159,0.000,200,-449888.00,-2073.732
5252,0.000,200,-433054.00,-1996.010
5343,0.000,200,-410961.00,-1894.007
5435,0.000,200,-387823.00,-1787.180
5526,0.000,200,-364758.00,-1680.690
5618,0.000,200,-343135.00,-1580.857
5709,0.000,200,-322403.00,-1485.138
5801,0.000,200,-301974.00,-1390.818
5893,0.000,200,-281455.00,-1296.083
5985,0.000,200,-261549.00,-1204.177
6077,0.000,200,-241675.00,-1112.420
6168,0.000,200,-221483.00,-1019.194
6260,0.000,200,-202341.00,-930.816
6351,0.000,200,-183926.00,-845.795
6444,0.000,200,-165998.00,-763.022
6535,0.000,200,-148124.00,-680.498
6627,0.000,200,-130849.00,-600.740
6718,0.000,200,-113526.00,-520.760
6810,0.000,200,-96004.00,-439.862
6901,0.000,200,-79794.00,-365.021
6993,0.000,200,-64777.00,-295.688
7086,0.000,200,-50797.00,-231.143
7177,0.000,200,-37845.00,-171.344
7269,0.000,200,-27010.00,-121.319
7360,0.000,200,-19171.00,-85.126
7452,0.000,200,-14169.00,-62.032
7543,0.000,200,-9148.00,-38.851
7635,0.000,200,-4900.00,-19.238
7727,0.000,200,-3225.00,-11.504
7819,0.000,200,-2902.00,-10.013
7910,0.000,200,-1706.00,-4.491
8002,0.000,200,-769.00,-0.165
8093,0.000,200,-569.00,0.758
8185,0.000,200,-561.00,0.795
8276,0.000,200,-552.00,0.837
8369,0.000,200,-596.00,0.634
8461,0.000,200,-559.00,0.805
8552,0.000,200,-529.00,0.943
8644,0.000,200,-546.00,0.865
8735,0.000,200,-575.00,0.731
8827,0.000,200,-566.00,0.772
8919,0.000,200,-513.00,1.017
9011,0.000,200,-456.00,1.280
9102,0.000,200,-407.00,1.506
9194,0.000,200,-408.00,1.502
9285,0.000,200,-442.00,1.345
9377,0.000,200,-456.00,1.280
9469,0.000,200,-433.00,1.386
9561,0.000,200,-408.00,1.502
9653,0.000,200,-420.00,1.446
9744,0.000,200,-369.00,1.682
9836,0.000,200,-322.00,1.899
9927,0.000,200,-319.00,1.913
10019,0.000,200,-324.00,1.889
10110,0.000,200,-346.00,1.788
10203,0.000,200,-340.00,1.816
10294,0.000,200,-287.00,2.060
10386,0.000,200,-313.00,1.940
10478,0.000,200,-310.00,1.954
10569,0.000,200,-317.00,1.922
10661,0.000,200,-337.00,1.829
10753,0.000,200,-321.00,1.903
10845,0.000,200,-375.00,1.654
10936,0.000,200,-382.00,1.622
11028,0.000,200,-318.00,1.917
11119,0.000,200,-346.00,1.788
11211,0.000,200,-349.00,1.774
11302,0.000,200,-334.00,1.843
11395,0.000,200,-330.00,1.862
11487,0.000,200,-328.00,1.871
11578,0.000,200,-366.00,1.696
11670,0.000,200,-345.00,1.793
11761,0.000,200,-343.00,1.802
11853,0.000,200,-346.00,1.788
11944,0.000,200,-313.00,1.940
12037,0.000,200,-295.00,2.023
12128,0.000,200,-301.00,1.996
12220,0.000,200,-289.00,2.051
12312,0.000,200,-303.00,1.986
12403,0.000,200,-324.00,1.889
12495,0.000,200,-349.00,1.774
12587,0.000,200,-342.00,1.806
12679,0.000,200,-338.00,1.825
12770,0.000,200,-369.00,1.682
12862,0.000,200,-351.00,1.765
12953,0.000,200,-376.00,1.649
13045,0.000,200,-384.00,1.612
13136,0.000,200,-379.00,1.636
13229,0.000,200,-435.00,1.377