ms,pos,steps,strain,g
0,0.000,200,-9598.00,-40.928
2,0.000,200,-9528.00,-40.605
87,0.000,200,-9777.00,-41.755
179,0.000,200,-10832.00,-46.626
270,0.000,200,-12281.00,-53.316
362,0.000,200,-13536.00,-59.110
454,0.000,200,-14690.00,-64.438
546,0.000,200,-15708.00,-69.138
637,0.000,200,-16740.00,-73.903
728,0.000,200,-17825.00,-78.912
820,0.000,200,-18852.00,-83.654
911,0.000,200,-19781.00,-87.943
1003,0.000,200,-20893.00,-93.077
1095,0.000,200,-21906.00,-97.754
1187,0.000,200,-22649.00,-101.184
1278,0.000,200,-23611.00,-105.626
1370,0.000,200,-24709.00,-110.695
1461,0.000,200,-25727.00,-115.395
1553,0.000,200,-26876.00,-120.700
1644,0.000,200,-28036.00,-126.056
1737,0.000,200,-29234.00,-131.587
1828,0.000,200,-30533.00,-137.584
1920,0.000,200,-31753.00,-143.217
2011,0.000,200,-33024.00,-149.085
2103,0.000,200,-34469.00,-155.757
2194,0.000,200,-35609.00,-161.020
2287,0.000,200,-36638.00,-165.771
2378,0.000,200,-37937.00,-171.768
2470,0.000,200,-39156.00,-177.396
2561,0.000,200,-40160.00,-182.032
2653,0.000,200,-41309.00,-187.337
2744,0.000,200,-42416.00,-192.448
2836,0.000,200,-43463.00,-197.282
2928,0.000,200,-44456.00,-201.866
3020,0.000,200,-45405.00,-206.248
3111,0.000,200,-46335.00,-210.542
3203,0.000,200,-47217.00,-214.614
3294,0.000,200,-47892.00,-217.730
3386,0.000,200,-48674.00,-221.341
3477,0.000,200,-49733.00,-226.230
3570,0.000,200,-50598.00,-230.224
3661,0.000,200,-51368.00,-233.779
3753,0.000,200,-52246.00,-237.833
3844,0.000,200,-53054.00,-241.563
3936,0.000,200,-53962.00,-245.755
4027,0.000,200,-54906.00,-250.114
4119,0.000,200,-55479.00,-252.759
4211,0.000,200,-56006.00,-255.192
4303,0.000,200,-56895.00,-259.297
4394,0.000,200,-57660.00,-262.829
4486,0.000,200,-58768.00,-267.944
4577,0.000,200,-59919.00,-273.259
4669,0.000,200,-60819.00,-277.414
4761,0.000,200,-61844.00,-282.146
4853,0.000,200,-62901.00,-287.026
4944,0.000,200,-63873.00,-291.514
5036,0.000,200,-65006.00,-296.745
5127,0.000,200,-66096.00,-301.778
5219,0.000,200,-67100.00,-306.413
5310,0.000,200,-68322.00,-312.055
5403,0.000,200,-69306.00,-316.598
5494,0.000,200,-70129.00,-320.398
5586,0.000,200,-71336.00,-325.970
5677,0.000,200,-72383.00,-330.804
5769,0.000,200,-73198.00,-334.567
5860,0.000,200,-74214.00,-339.258
5952,0.000,200,-75135.00,-343.510
6044,0.000,200,-76084.00,-347.892
6136,0.000,200,-77098.00,-352.573
6227,0.000,200,-78034.00,-356.895
6319,0.000,200,-79223.00,-362.384
6410,0.000,200,-80414.00,-367.883
6501,0.000,200,-81131.00,-371.194
6593,0.000,200,-82092.00,-375.630
6685,0.000,200,-83250.00,-380.977
6777,0.000,200,-84042.00,-384.634
6868,0.000,200,-84819.00,-388.221
6960,0.000,200,-85722.00,-392.390
7051,0.000,200,-86538.00,-396.158
7143,0.000,200,-87407.00,-400.170
7235,0.000,200,-88216.00,-403.905
7327,0.000,200,-89024.00,-407.635
7418,0.000,200,-90163.00,-412.894
7510,0.000,200,-91021.00,-416.855
7601,0.000,200,-91566.00,-419.372
7693,0.000,200,-92406.00,-423.250
7784,0.000,200,-93157.00,-426.717
7877,0.000,200,-93645.00,-428.970
7968,0.000,200,-94315.00,-432.064
8060,0.000,200,-94941.00,-434.954
8151,0.000,200,-95485.00,-437.466
8243,0.000,200,-96052.00,-440.083
8334,0.000,200,-96575.00,-442.498
8426,0.000,200,-96535.00,-442.313
8518,0.000,200,-94899.00,-434.760
8610,0.000,200,-92202.00,-422.308
8701,0.000,200,-89464.00,-409.667
8793,0.000,200,-87060.00,-398.568
8884,0.000,200,-84890.00,-388.549
8976,0.000,200,-82747.00,-378.655
9067,0.000,200,-80921.00,-370.224
9160,0.000,200,-79097.00,-361.803
9251,0.000,200,-77002.00,-352.130
9343,0.000,200,-75195.00,-343.787
9434,0.000,200,-73536.00,-336.128
9526,0.000,200,-71634.00,-327.346
9617,0.000,200,-69887.00,-319.280
9710,0.000,200,-68295.00,-311.930
9801,0.000,200,-66561.00,-303.924
9893,0.000,200,-65084.00,-297.105
9984,0.000,200,-63548.00,-290.014
10076,0.000,200,-61986.00,-282.802
10167,0.000,200,-60659.00,-276.675
10259,0.000,200,-59155.00,-269.731
10351,0.000,200,-57472.00,-261.961
10443,0.000,200,-56157.00,-255.890
10534,0.000,200,-54681.00,-249.075
10625,0.000,200,-53061.00,-241.595
10717,0.000,200,-51678.00,-235.210
10808,0.000,200,-50295.00,-228.825
10900,0.000,200,-48931.00,-222.527
10992,0.000,200,-47805.00,-217.329
11084,0.000,200,-46465.00,-211.142
11175,0.000,200,-45214.00,-205.366
11267,0.000,200,-44068.00,-200.075
11358,0.000,200,-42623.00,-193.404
11450,0.000,200,-41327.00,-187.420
11541,0.000,200,-40301.00,-182.683
11634,0.000,200,-38998.00,-176.667
11725,0.000,200,-37700.00,-170.674
11817,0.000,200,-36629.00,-165.729
11908,0.000,200,-35500.00,-160.517
12000,0.000,200,-34485.00,-155.831
12091,0.000,200,-33634.00,-151.902
12183,0.000,200,-32838.00,-148.227
12275,0.000,200,-32237.00,-145.452
12367,0.000,200,-31653.00,-142.755
12458,0.000,200,-30924.00,-139.390
12550,0.000,200,-30078.00,-135.484
12641,0.000,200,-29115.00,-131.038
12733,0.000,200,-27824.00,-125.077
12825,0.000,200,-26709.00,-119.929
12917,0.000,200,-25700.00,-115.271
13008,0.000,200,-24749.00,-110.880
13100,0.000,200,-23952.00,-107.200
13191,0.000,200,-23054.00,-103.054
13283,0.000,200,-22275.00,-99.458
13374,0.000,200,-21970.00,-98.049
13467,0.000,200,-21351.00,-95.191
13558,0.000,200,-20364.00,-90.634
13650,0.000,200,-19556.00,-86.904
13741,0.000,200,-18573.00,-82.366
13833,0.000,200,-17440.00,-77.134
13924,0.000,200,-16451.00,-72.568
14015,0.000,200,-15484.00,-68.104
14108,0.000,200,-14567.00,-63.870
14199,0.000,200,-13711.00,-59.918
14291,0.000,200,-12823.00,-55.818
14382,0.000,200,-12061.00,-52.300
14474,0.000,200,-11317.00,-48.865
14565,0.000,200,-10361.00,-44.451
14657,0.000,200,-9576.00,-40.827
14749,0.000,200,-8966.00,-38.010
14841,0.000,200,-8108.00,-34.049
14932,0.000,200,-7174.00,-29.737
15024,0.000,200,-6446.00,-26.376
15115,0.000,200,-5724.00,-23.042
15207,0.000,200,-5092.00,-20.124
15299,0.000,200,-4499.00,-17.386
15391,0.000,200,-3852.00,-14.399
15482,0.000,200,-3301.00,-11.855
15574,0.000,200,-2645.00,-8.826
15665,0.000,200,-1895.00,-5.364
15757,0.000,200,-1360.00,-2.894
15848,0.000,200,-860.00,-0.585
15941,0.000,200,-90.00,2.970
16032,0.000,200,506.00,5.722
16124,0.000,200,1018.00,8.085
16215,0.000,200,1552.00,10.551
16307,0.000,200,1935.00,12.319
16398,0.000,200,2186.00,13.478
16490,0.000,200,2344.00,14.208
16582,0.000,200,2453.00,14.711
16674,0.000,200,2702.00,15.860
16765,0.000,200,2845.00,16.521
16857,0.000,200,2806.00,16.341
16948,0.000,200,2646.00,15.602
17040,0.000,200,2568.00,15.242
17131,0.000,200,2430.00,14.605
17224,0.000,200,2392.00,14.429
17315,0.000,200,2385.00,14.397
17407,0.000,200,2372.00,14.337
17498,0.000,200,2345.00,14.212
17589,0.000,200,2305.00,14.027
17681,0.000,200,2290.00,13.958
17772,0.000,200,2250.00,13.774
17865,0.000,200,2163.00,13.372
17956,0.000,200,2120.00,13.173
18048,0.000,200,2087.00,13.021
18139,0.000,200,2015.00,12.689
18231,0.000,200,2006.00,12.647
18322,0.000,200,2012.00,12.675
18415,0.000,200,1956.00,12.416
18506,0.000,200,1887.00,12.098
18598,0.000,200,1900.00,12.158
18689,0.000,200,1871.00,12.024
18781,0.000,200,1787.00,11.636
18872,0.000,200,1661.00,11.054
18964,0.000,200,1655.00,11.026
19056,0.000,200,1692.00,11.197
19148,0.000,200,1687.00,11.174
19239,0.000,200,1620.00,10.865
19331,0.000,200,1552.00,10.551
19422,0.000,200,1496.00,10.292
19514,0.000,200,1478.00,10.209
19605,0.000,200,1486.00,10.246