ms,pos,steps,strain,g
0,0.000,200,59.00,3.658
2,0.000,200,40.00,3.570
77,0.000,200,-2009.00,-5.890
169,0.000,200,-13326.00,-58.140
260,0.000,200,-30979.00,-139.644
352,0.000,200,-47136.00,-214.240
443,0.000,200,-60151.00,-274.330
535,0.000,200,-67028.00,-306.081
626,0.000,200,-63127.00,-288.070
719,0.000,200,-47437.00,-215.630
811,0.000,200,-27123.00,-121.841
902,0.000,200,-10191.00,-43.666
994,0.000,200,2384.00,14.392
1085,0.000,200,9347.00,46.540
1177,0.000,200,10494.00,51.836
1268,0.000,200,10282.00,50.857
1361,0.000,200,10043.00,49.754
1452,0.000,200,9762.00,48.456
1544,0.000,200,9549.00,47.473
1635,0.000,200,9406.00,46.813
1727,0.000,200,9307.00,46.355
1819,0.000,200,9160.00,45.677
1911,0.000,200,9112.00,45.455
2003,0.000,200,9026.00,45.058
2094,0.000,200,8951.00,44.712
2186,0.000,200,8911.00,44.527
2277,0.000,200,8836.00,44.181
2369,0.000,200,8733.00,43.705
2460,0.000,200,8687.00,43.493
2553,0.000,200,8685.00,43.484
2645,0.000,200,8624.00,43.202
2736,0.000,200,8524.00,42.740