ms,pos,steps,strain,g
0,0.000,200,-89.00,2.974
84,0.000,200,-643.00,0.417
176,0.000,200,-2622.00,-8.720
268,0.000,200,-5251.00,-20.858
360,0.000,200,-7845.00,-32.835
451,0.000,200,-10438.00,-44.806
543,0.000,200,-13136.00,-57.263
634,0.000,200,-15724.00,-69.212
726,0.000,200,-18297.00,-81.091
818,0.000,200,-20829.00,-92.781
910,0.000,200,-23444.00,-104.855
1002,0.000,200,-26071.00,-116.984
1093,0.000,200,-28807.00,-129.616
1185,0.000,200,-31691.00,-142.931
1276,0.000,200,-34406.00,-155.466
1368,0.000,200,-37115.00,-167.973
1459,0.000,200,-39916.00,-180.905
1552,0.000,200,-42693.00,-193.727
1644,0.000,200,-45659.00,-207.421
1735,0.000,200,-48918.00,-222.467
1827,0.000,200,-51517.00,-234.467
1918,0.000,200,-53109.00,-241.817
2010,0.000,200,-55807.00,-254.274
2102,0.000,200,-58361.00,-266.065
2194,0.000,200,-60796.00,-277.308
2285,0.000,200,-63920.00,-291.731
2377,0.000,200,-67581.00,-308.634
2469,0.000,200,-71513.00,-326.788
2560,0.000,200,-75201.00,-343.815
2652,0.000,200,-78899.00,-360.889
2744,0.000,200,-82496.00,-377.496
2836,0.000,200,-85991.00,-393.632
2927,0.000,200,-89546.00,-410.045
3019,0.000,200,-93224.00,-427.027
3110,0.000,200,-97184.00,-445.310
3202,0.000,200,-100781.00,-461.917
3293,0.000,200,-104379.00,-478.529
3386,0.000,200,-108059.00,-495.519
3478,0.000,200,-111690.00,-512.283
3569,0.000,200,-115284.00,-528.877
3661,0.000,200,-119021.00,-546.130
3752,0.000,200,-123096.00,-564.945
3844,0.000,200,-126846.00,-582.258
3935,0.000,200,-130604.00,-599.609
4028,0.000,200,-134315.00,-616.742
4119,0.000,200,-138007.00,-633.788
4211,0.000,200,-141788.00,-651.245
4302,0.000,200,-145729.00,-669.440
4394,0.000,200,-149857.00,-688.499
4486,0.000,200,-153820.00,-706.796
4578,0.000,200,-157791.00,-725.130
4670,0.000,200,-161601.00,-742.721
4761,0.000,200,-165387.00,-760.201
4853,0.000,200,-169268.00,-778.119
4944,0.000,200,-173217.00,-796.351
5036,0.000,200,-177198.00,-814.732
5127,0.000,200,-178725.00,-821.782
5220,0.000,200,-175631.00,-807.497
5311,0.000,200,-170101.00,-781.965
5403,0.000,200,-164652.00,-756.807
5495,0.000,200,-159581.00,-733.395
5586,0.000,200,-154786.00,-711.256
5678,0.000,200,-149981.00,-689.072
5769,0.000,200,-145059.00,-666.347
5862,0.000,200,-140420.00,-644.929
5953,0.000,200,-135625.00,-622.791
6045,0.000,200,-131185.00,-602.291
6136,0.000,200,-126953.00,-582.752
6228,0.000,200,-122776.00,-563.467
6319,0.000,200,-118636.00,-544.353
6412,0.000,200,-114417.00,-524.874
6504,0.000,200,-110358.00,-506.134
6595,0.000,200,-106086.00,-486.410
6687,0.000,200,-101967.00,-467.393
6778,0.000,200,-98032.00,-449.225
6870,0.000,200,-94102.00,-431.080
6961,0.000,200,-90193.00,-413.033
7054,0.000,200,-86235.00,-394.759
7145,0.000,200,-82334.00,-376.748
7237,0.000,200,-78150.00,-357.430
7328,0.000,200,-74122.00,-338.833
7420,0.000,200,-70278.00,-321.086
7511,0.000,200,-66481.00,-303.555
7603,0.000,200,-62574.00,-285.517
7696,0.000,200,-58561.00,-266.989
7787,0.000,200,-54534.00,-248.396
7879,0.000,200,-50194.00,-228.359
7970,0.000,200,-46090.00,-209.411
8062,0.000,200,-42205.00,-191.474
8153,0.000,200,-38473.00,-174.243
8246,0.000,200,-34949.00,-157.973
8337,0.000,200,-31491.00,-142.007
8429,0.000,200,-28270.00,-127.136
8520,0.000,200,-24925.00,-111.692
8612,0.000,200,-21986.00,-98.123
8704,0.000,200,-19266.00,-85.565
8795,0.000,200,-16693.00,-73.686
8888,0.000,200,-14156.00,-61.972
8979,0.000,200,-11685.00,-50.564
9071,0.000,200,-9479.00,-40.379
9162,0.000,200,-7242.00,-30.051
9254,0.000,200,-5738.00,-23.107
9345,0.000,200,-5171.00,-20.489
9437,0.000,200,-5076.00,-20.050
9529,0.000,200,-4120.00,-15.637
9621,0.000,200,-2174.00,-6.652
9712,0.000,200,-97.00,2.938
9804,0.000,200,1986.00,12.555
9896,0.000,200,4033.00,22.006
9987,0.000,200,5892.00,30.589
10079,0.000,200,7586.00,38.410
10171,0.000,200,8663.00,43.382
10263,0.000,200,8762.00,43.839
10354,0.000,200,8570.00,42.953
10446,0.000,200,8495.00,42.607
10537,0.000,200,8422.00,42.269
10629,0.000,200,8310.00,41.752
10722,0.000,200,8269.00,41.563
10813,0.000,200,8192.00,41.208
10905,0.000,200,8117.00,40.861
10996,0.000,200,8084.00,40.709
11088,0.000,200,8058.00,40.589
11179,0.000,200,8059.00,40.594
11271,0.000,200,8065.00,40.621
11363,0.000,200,7980.00,40.229
11455,0.000,200,7899.00,39.855
11547,0.000,200,7861.00,39.679
11638,0.000,200,7917.00,39.938
11730,0.000,200,7892.00,39.822
11821,0.000,200,7869.00,39.716
11913,0.000,200,7908.00,39.896
12005,0.000,200,7850.00,39.629
12097,0.000,200,7760.00,39.213
12188,0.000,200,7788.00,39.342
12280,0.000,200,7793.00,39.365
12371,0.000,200,7728.00,39.065
12463,0.000,200,7680.00,38.844
12556,0.000,200,7700.00,38.936
12647,0.000,200,7678.00,38.834
12739,0.000,200,7688.00,38.881
12830,0.000,200,7721.00,39.033
12922,0.000,200,7692.00,38.899
13013,0.000,200,7729.00,39.070
13105,0.000,200,7636.00,38.641