ms,pos,steps,strain,g
0,0.000,200,470.00,5.555
2,0.000,200,434.00,5.389
93,0.000,200,-194.00,2.490
184,0.000,200,-2700.00,-9.080
276,0.000,200,-6259.00,-25.512
367,0.000,200,-9943.00,-42.521
459,0.000,200,-13638.00,-59.581
550,0.000,200,-17447.00,-77.167
643,0.000,200,-21975.00,-98.072
734,0.000,200,-26806.00,-120.377
826,0.000,200,-31420.00,-141.680
917,0.000,200,-35929.00,-162.498
1009,0.000,200,-40194.00,-182.189
1100,0.000,200,-44403.00,-201.622
1192,0.000,200,-48564.00,-220.833
1284,0.000,200,-52823.00,-240.497
1376,0.000,200,-57040.00,-259.966
1467,0.000,200,-60412.00,-275.535
1559,0.000,200,-62142.00,-283.522
1650,0.000,200,-62419.00,-284.801
1742,0.000,200,-64462.00,-294.233
1834,0.000,200,-69246.00,-316.321
1926,0.000,200,-74578.00,-340.939
2017,0.000,200,-79713.00,-364.647
2109,0.000,200,-84230.00,-385.502
2200,0.000,200,-88838.00,-406.777
2292,0.000,200,-93132.00,-426.602
2383,0.000,200,-97474.00,-446.649
2476,0.000,200,-102030.00,-467.684
2567,0.000,200,-106947.00,-490.385
2659,0.000,200,-111596.00,-511.849
2750,0.000,200,-115951.00,-531.956
2842,0.000,200,-120441.00,-552.687
2933,0.000,200,-124682.00,-572.267
3025,0.000,200,-129129.00,-592.799
3117,0.000,200,-133720.00,-613.995
3209,0.000,200,-138569.00,-636.383
3300,0.000,200,-143262.00,-658.050
3392,0.000,200,-147713.00,-678.600
3483,0.000,200,-152310.00,-699.825
3575,0.000,200,-156731.00,-720.236
3666,0.000,200,-161224.00,-740.980
3759,0.000,200,-165879.00,-762.472
3850,0.000,200,-170785.00,-785.123
3942,0.000,200,-175597.00,-807.340
4033,0.000,200,-180159.00,-828.402
4124,0.000,200,-184810.00,-849.876
4216,0.000,200,-189172.00,-870.015
4307,0.000,200,-193553.00,-890.242
4400,0.000,200,-198169.00,-911.554
4491,0.000,200,-203078.00,-934.219
4583,0.000,200,-207876.00,-956.371
4674,0.000,200,-212354.00,-977.046
4766,0.000,200,-216802.00,-997.582
4857,0.000,200,-220850.00,-1016.271
4950,0.000,200,-224898.00,-1034.961
5041,0.000,200,-228445.00,-1051.337
5133,0.000,200,-228273.00,-1050.543
5224,0.000,200,-222819.00,-1025.362
5316,0.000,200,-214608.00,-987.452
5407,0.000,200,-206436.00,-949.722
5499,0.000,200,-198709.00,-914.047
5591,0.000,200,-190943.00,-878.192
5683,0.000,200,-183571.00,-844.156
5774,0.000,200,-176148.00,-809.884
5866,0.000,200,-168935.00,-776.582
5957,0.000,200,-162279.00,-745.851
6049,0.000,200,-155946.00,-716.612
6140,0.000,200,-149809.00,-688.278
6232,0.000,200,-143497.00,-659.135
6324,0.000,200,-137467.00,-631.295
6415,0.000,200,-131400.00,-603.284
6507,0.000,200,-125297.00,-575.106
6598,0.000,200,-119561.00,-548.624
6690,0.000,200,-114158.00,-523.678
6781,0.000,200,-108882.00,-499.319
6874,0.000,200,-103491.00,-474.429
6965,0.000,200,-98359.00,-450.735
7057,0.000,200,-93061.00,-426.274
7148,0.000,200,-87748.00,-401.744
7240,0.000,200,-82851.00,-379.135
7331,0.000,200,-78176.00,-357.550
7424,0.000,200,-73604.00,-336.442
7515,0.000,200,-68840.00,-314.446
7607,0.000,200,-64283.00,-293.407
7698,0.000,200,-59465.00,-271.162
7790,0.000,200,-54624.00,-248.812
7881,0.000,200,-50203.00,-228.400
7973,0.000,200,-45967.00,-208.843
8065,0.000,200,-41817.00,-189.682
8157,0.000,200,-37305.00,-168.850
8248,0.000,200,-33149.00,-149.662
8340,0.000,200,-28835.00,-129.745
8431,0.000,200,-24869.00,-111.434
8523,0.000,200,-21566.00,-96.184
8614,0.000,200,-18891.00,-83.834
8707,0.000,200,-16879.00,-74.544
8798,0.000,200,-14824.00,-65.057
8889,0.000,200,-12626.00,-54.908
8981,0.000,200,-11366.00,-49.091
9072,0.000,200,-10607.00,-45.587
9164,0.000,200,-9778.00,-41.759
9255,0.000,200,-8007.00,-33.583
9348,0.000,200,-5433.00,-21.699
9439,0.000,200,-2905.00,-10.027
9531,0.000,200,-633.00,0.463
9622,0.000,200,1389.00,9.798
9714,0.000,200,2555.00,15.182
9805,0.000,200,3024.00,17.347
9898,0.000,200,3219.00,18.247
9989,0.000,200,3287.00,18.561
10081,0.000,200,3325.00,18.737
10172,0.000,200,3293.00,18.589
10264,0.000,200,3332.00,18.769
10355,0.000,200,3371.00,18.949
10447,0.000,200,3334.00,18.778
10539,0.000,200,3352.00,18.861
10631,0.000,200,3400.00,19.083
10722,0.000,200,3364.00,18.917
10814,0.000,200,3380.00,18.991
10905,0.000,200,3324.00,18.732
10997,0.000,200,3329.00,18.755
11088,0.000,200,3338.00,18.797
11181,0.000,200,3311.00,18.672
11272,0.000,200,3313.00,18.681
11364,0.000,200,3343.00,18.820
11455,0.000,200,3338.00,18.797
11546,0.000,200,3319.00,18.709
11638,0.000,200,3298.00,18.612
11729,0.000,200,3204.00,18.178
11822,0.000,200,3190.00,18.114
11913,0.000,200,3262.00,18.446
12005,0.000,200,3266.00,18.464
12096,0.000,200,3222.00,18.261
12188,0.000,200,3146.00,17.910