ms,pos,steps,strain,g
0,0.000,200,-36.00,3.219
3,0.000,200,42.00,3.579
65,0.000,200,-139.00,2.744
157,0.000,200,-1404.00,-3.097
248,0.000,200,-3580.00,-13.143
340,0.000,200,-5946.00,-24.067
432,0.000,200,-8195.00,-34.451
524,0.000,200,-10197.00,-43.694
615,0.000,200,-12222.00,-53.043
707,0.000,200,-14090.00,-61.668
798,0.000,200,-15884.00,-69.950
890,0.000,200,-17708.00,-78.372
981,0.000,200,-19697.00,-87.555
1074,0.000,200,-21584.00,-96.267
1165,0.000,200,-23234.00,-103.885
1257,0.000,200,-24934.00,-111.734
1348,0.000,200,-26356.00,-118.299
1440,0.000,200,-27854.00,-125.216
1531,0.000,200,-29401.00,-132.358
1622,0.000,200,-30981.00,-139.653
1715,0.000,200,-32502.00,-146.675
1806,0.000,200,-33825.00,-152.783
1898,0.000,200,-35219.00,-159.220
1989,0.000,200,-36483.00,-165.055
2081,0.000,200,-37784.00,-171.062
2172,0.000,200,-39089.00,-177.087
2265,0.000,200,-40478.00,-183.500
2356,0.000,200,-41760.00,-189.419
2448,0.000,200,-42881.00,-194.595
2539,0.000,200,-44282.00,-201.063
2631,0.000,200,-45507.00,-206.719
2722,0.000,200,-46775.00,-212.573
2813,0.000,200,-48100.00,-218.691
2906,0.000,200,-49331.00,-224.374
2997,0.000,200,-50273.00,-228.723
3089,0.000,200,-51119.00,-232.629
3180,0.000,200,-51676.00,-235.201
3272,0.000,200,-51910.00,-236.281
3363,0.000,200,-53216.00,-242.311
3455,0.000,200,-54816.00,-249.698
3547,0.000,200,-56500.00,-257.473
3639,0.000,200,-58179.00,-265.225
3730,0.000,200,-59668.00,-272.100
3822,0.000,200,-61225.00,-279.288
3913,0.000,200,-62544.00,-285.378
4004,0.000,200,-63912.00,-291.694
4096,0.000,200,-65329.00,-298.236
4188,0.000,200,-66866.00,-305.333
4280,0.000,200,-68470.00,-312.738
4371,0.000,200,-69886.00,-319.276
4463,0.000,200,-71375.00,-326.150
4554,0.000,200,-72684.00,-332.194
4646,0.000,200,-74029.00,-338.404
4737,0.000,200,-75392.00,-344.697
4830,0.000,200,-76885.00,-351.590
4921,0.000,200,-78390.00,-358.539
5013,0.000,200,-79731.00,-364.730
5104,0.000,200,-80019.00,-366.060
5196,0.000,200,-77716.00,-355.427
5287,0.000,200,-73811.00,-337.397
5379,0.000,200,-70125.00,-320.379
5471,0.000,200,-66680.00,-304.474
5562,0.000,200,-63764.00,-291.011
5654,0.000,200,-61100.00,-278.711
5745,0.000,200,-58392.00,-266.208
5837,0.000,200,-55854.00,-254.491
5928,0.000,200,-53333.00,-242.851
6021,0.000,200,-50939.00,-231.798
6112,0.000,200,-48424.00,-220.187
6204,0.000,200,-46136.00,-209.623
6295,0.000,200,-44064.00,-200.057
6387,0.000,200,-42070.00,-190.850
6478,0.000,200,-40047.00,-181.510
6569,0.000,200,-37979.00,-171.962
6662,0.000,200,-36076.00,-163.176
6753,0.000,200,-34105.00,-154.076
6845,0.000,200,-32320.00,-145.835
6936,0.000,200,-30699.00,-138.351
7028,0.000,200,-29169.00,-131.287
7119,0.000,200,-27676.00,-124.394
7211,0.000,200,-26115.00,-117.187
7303,0.000,200,-24639.00,-110.372
7395,0.000,200,-23243.00,-103.927
7486,0.000,200,-22025.00,-98.303
7578,0.000,200,-20878.00,-93.008
7669,0.000,200,-19687.00,-87.509
7760,0.000,200,-18522.00,-82.130
7852,0.000,200,-17531.00,-77.555
7944,0.000,200,-16713.00,-73.778
8036,0.000,200,-15576.00,-68.528
8127,0.000,200,-14769.00,-64.803
8219,0.000,200,-14477.00,-63.454
8310,0.000,200,-13574.00,-59.285
8402,0.000,200,-12276.00,-53.292
8494,0.000,200,-10971.00,-47.267
8586,0.000,200,-9835.00,-42.022
8677,0.000,200,-8645.00,-36.528
8769,0.000,200,-7429.00,-30.914
8860,0.000,200,-6359.00,-25.974
8952,0.000,200,-5406.00,-21.574
9043,0.000,200,-4463.00,-17.220
9135,0.000,200,-3393.00,-12.280
9227,0.000,200,-2382.00,-7.612
9318,0.000,200,-1347.00,-2.834
9410,0.000,200,-467.00,1.229
9501,0.000,200,354.00,5.020
9593,0.000,200,1187.00,8.866
9684,0.000,200,2074.00,12.961
9777,0.000,200,2833.00,16.465
9868,0.000,200,3509.00,19.586
9960,0.000,200,4341.00,23.428
10051,0.000,200,5066.00,26.775
10143,0.000,200,5443.00,28.516
10234,0.000,200,5396.00,28.299
10326,0.000,200,5029.00,26.604
10418,0.000,200,4719.00,25.173
10509,0.000,200,4522.00,24.263
10601,0.000,200,4410.00,23.746