ms,pos,steps,strain,g
0,0.000,200,-97.00,2.938
2,0.000,200,-76.00,3.035
42,0.000,200,-753.00,-0.091
133,0.000,200,-7295.00,-30.295
226,0.000,200,-21245.00,-94.702
317,0.000,200,-37648.00,-170.434
409,0.000,200,-54343.00,-247.514
500,0.000,200,-69780.00,-318.786
592,0.000,200,-85655.00,-392.081
683,0.000,200,-102642.00,-470.509
775,0.000,200,-120431.00,-552.640
867,0.000,200,-137753.00,-632.615
959,0.000,200,-148297.00,-681.297
1050,0.000,200,-143398.00,-658.678
1141,0.000,200,-125049.00,-573.961
1233,0.000,200,-104639.00,-479.729
1324,0.000,200,-85289.00,-390.391
1416,0.000,200,-66446.00,-303.393
1508,0.000,200,-47717.00,-216.922
1600,0.000,200,-29789.00,-134.149
1691,0.000,200,-15168.00,-66.645
1783,0.000,200,-4940.00,-19.422
1874,0.000,200,1901.00,12.162
1965,0.000,200,3813.00,20.990
2057,0.000,200,3596.00,19.988
2149,0.000,200,3395.00,19.060
2241,0.000,200,3238.00,18.335
2332,0.000,200,3153.00,17.943
2424,0.000,200,3045.00,17.444
2515,0.000,200,2951.00,17.010
2606,0.000,200,2914.00,16.839
2699,0.000,200,2885.00,16.705
2790,0.000,200,2859.00,16.585
2882,0.000,200,2822.00,16.414
2973,0.000,200,2808.00,16.350
3065,0.000,200,2732.00,15.999
3156,0.000,200,2735.00,16.013
3248,0.000,200,2771.00,16.179