ms,pos,steps,strain,g
0,0.000,200,6441.00,33.123
2,0.000,200,6477.00,33.289
51,0.000,200,5680.00,29.610
142,0.000,200,-4.00,3.367
234,0.000,200,-8930.00,-37.844
326,0.000,200,-20405.00,-90.824
417,0.000,200,-31841.00,-143.623
509,0.000,200,-40816.00,-185.061
601,0.000,200,-44360.00,-201.423
693,0.000,200,-47539.00,-216.101
784,0.000,200,-52551.00,-239.241
876,0.000,200,-56029.00,-255.299
967,0.000,200,-63228.00,-288.536
1059,0.000,200,-72090.00,-329.452
1150,0.000,200,-80678.00,-369.102
1243,0.000,200,-89002.00,-407.534
1335,0.000,200,-95546.00,-437.747
1426,0.000,200,-97406.00,-446.335
1518,0.000,200,-102659.00,-470.588
1609,0.000,200,-112162.00,-514.463
1701,0.000,200,-121820.00,-559.053
1792,0.000,200,-131825.00,-605.246
1885,0.000,200,-141313.00,-649.052
1976,0.000,200,-150142.00,-689.815
2068,0.000,200,-158298.00,-727.471
2159,0.000,200,-165847.00,-762.324
2251,0.000,200,-174130.00,-800.567
2343,0.000,200,-181860.00,-836.256
2434,0.000,200,-189670.00,-872.314
2527,0.000,200,-197264.00,-907.376
2618,0.000,200,-204187.00,-939.339
2710,0.000,200,-211200.00,-971.718
2801,0.000,200,-218528.00,-1005.551
2893,0.000,200,-225707.00,-1038.696
2984,0.000,200,-231925.00,-1067.404
3077,0.000,200,-238361.00,-1097.119
3169,0.000,200,-244627.00,-1126.049
3260,0.000,200,-250789.00,-1154.499
3352,0.000,200,-257243.00,-1184.296
3443,0.000,200,-263758.00,-1214.376
3535,0.000,200,-270292.00,-1244.543
3626,0.000,200,-275192.00,-1267.166
3719,0.000,200,-279491.00,-1287.015
3810,0.000,200,-284118.00,-1308.377
3902,0.000,200,-288263.00,-1327.515
3993,0.000,200,-292258.00,-1345.960
4085,0.000,200,-296017.00,-1363.315
4177,0.000,200,-299048.00,-1377.309
4268,0.000,200,-300172.00,-1382.498
4361,0.000,200,-301971.00,-1390.804
4452,0.000,200,-303950.00,-1399.941
4544,0.000,200,-305843.00,-1408.681
4635,0.000,200,-307886.00,-1418.114
4727,0.000,200,-309772.00,-1426.821
4818,0.000,200,-311155.00,-1433.206
4911,0.000,200,-311356.00,-1434.134
5003,0.000,200,-312252.00,-1438.271
5094,0.000,200,-311206.00,-1433.442
5186,0.000,200,-304466.00,-1402.323
5277,0.000,200,-292284.00,-1346.080
5369,0.000,200,-279636.00,-1287.684
5460,0.000,200,-268317.00,-1235.425
5553,0.000,200,-257708.00,-1186.443
5644,0.000,200,-248130.00,-1142.222
5736,0.000,200,-238981.00,-1099.982
5827,0.000,200,-230170.00,-1059.302
5919,0.000,200,-221192.00,-1017.850
6011,0.000,200,-212301.00,-976.801
6102,0.000,200,-203288.00,-935.188
6195,0.000,200,-194158.00,-893.035
6286,0.000,200,-185582.00,-853.440
6378,0.000,200,-177244.00,-814.944
6469,0.000,200,-169065.00,-777.182
6561,0.000,200,-160446.00,-737.388
6652,0.000,200,-151910.00,-697.978
6745,0.000,200,-143347.00,-658.443
6836,0.000,200,-134572.00,-617.929
6928,0.000,200,-126232.00,-579.423
7020,0.000,200,-118224.00,-542.451
7111,0.000,200,-110293.00,-505.834
7203,0.000,200,-102057.00,-467.808
7294,0.000,200,-93878.00,-430.046
7387,0.000,200,-85616.00,-391.901
7478,0.000,200,-77043.00,-352.319
7570,0.000,200,-68911.00,-314.774
7661,0.000,200,-61203.00,-279.187
7753,0.000,200,-53559.00,-243.895
7844,0.000,200,-45783.00,-207.993
7936,0.000,200,-38220.00,-173.075
8029,0.000,200,-30748.00,-138.577
8120,0.000,200,-23205.00,-103.751
8212,0.000,200,-16457.00,-72.596
8303,0.000,200,-10545.00,-45.301
8395,0.000,200,-5849.00,-23.619
8486,0.000,200,-1866.00,-5.230
8578,0.000,200,2444.00,14.669
8670,0.000,200,7249.00,36.854
8762,0.000,200,11755.00,57.658
8853,0.000,200,12397.00,60.622
8945,0.000,200,14086.00,68.420
9036,0.000,200,15958.00,77.063
9128,0.000,200,16394.00,79.076