ms,pos,steps,strain,g
0,0.000,200,-67.00,3.076
2,0.000,200,-49.00,3.159
39,0.000,200,-122.00,2.822
132,0.000,200,-822.00,-0.410
224,0.000,200,-2264.00,-7.067
315,0.000,200,-3926.00,-14.741
407,0.000,200,-5554.00,-22.257
498,0.000,200,-7266.00,-30.161
590,0.000,200,-9015.00,-38.237
682,0.000,200,-10877.00,-46.833
774,0.000,200,-12839.00,-55.892
865,0.000,200,-14755.00,-64.738
957,0.000,200,-16549.00,-73.021
1048,0.000,200,-18371.00,-81.433
1140,0.000,200,-19954.00,-88.742
1232,0.000,200,-21530.00,-96.018
1324,0.000,200,-23185.00,-103.659
1416,0.000,200,-25104.00,-112.519
1507,0.000,200,-27032.00,-121.420
1599,0.000,200,-28757.00,-129.385
1690,0.000,200,-30555.00,-137.686
1782,0.000,200,-32208.00,-145.318
1873,0.000,200,-33949.00,-153.356
1966,0.000,200,-35796.00,-161.883
2057,0.000,200,-37728.00,-170.803
2149,0.000,200,-39643.00,-179.645
2240,0.000,200,-41364.00,-187.591
2332,0.000,200,-43113.00,-195.666
2423,0.000,200,-44630.00,-202.670
2516,0.000,200,-46223.00,-210.025
2608,0.000,200,-47771.00,-217.172
2699,0.000,200,-49340.00,-224.416
2791,0.000,200,-50842.00,-231.350
2882,0.000,200,-52160.00,-237.436
2974,0.000,200,-53307.00,-242.731
3065,0.000,200,-54230.00,-246.993
3158,0.000,200,-55382.00,-252.311
3249,0.000,200,-56808.00,-258.895
3341,0.000,200,-58371.00,-266.111
3432,0.000,200,-59688.00,-272.192
3524,0.000,200,-60368.00,-275.332
3615,0.000,200,-61111.00,-278.762
3707,0.000,200,-62409.00,-284.755
3800,0.000,200,-63828.00,-291.306
3891,0.000,200,-65415.00,-298.633
3983,0.000,200,-67188.00,-306.819
4074,0.000,200,-68757.00,-314.063
4166,0.000,200,-70281.00,-321.100
4257,0.000,200,-71895.00,-328.551
4350,0.000,200,-73320.00,-335.130
4441,0.000,200,-74778.00,-341.862
4533,0.000,200,-76404.00,-349.369
4624,0.000,200,-78043.00,-356.936
4716,0.000,200,-79526.00,-363.783
4807,0.000,200,-81035.00,-370.750
4899,0.000,200,-82486.00,-377.450
4991,0.000,200,-83733.00,-383.207
5083,0.000,200,-84301.00,-385.829
5174,0.000,200,-82677.00,-378.331
5266,0.000,200,-79251.00,-362.514
5358,0.000,200,-75546.00,-345.408
5449,0.000,200,-71949.00,-328.801
5541,0.000,200,-68571.00,-313.205
5633,0.000,200,-65256.00,-297.899
5725,0.000,200,-62158.00,-283.596
5816,0.000,200,-59337.00,-270.571
5908,0.000,200,-56671.00,-258.263
5999,0.000,200,-54147.00,-246.609
6091,0.000,200,-51672.00,-235.182
6182,0.000,200,-49281.00,-224.143
6275,0.000,200,-46935.00,-213.312
6366,0.000,200,-44609.00,-202.573
6458,0.000,200,-42438.00,-192.549
6549,0.000,200,-40499.00,-183.597
6641,0.000,200,-38663.00,-175.120
6732,0.000,200,-36831.00,-166.662
6825,0.000,200,-35277.00,-159.487
6917,0.000,200,-33809.00,-152.710
7008,0.000,200,-32534.00,-146.823
7100,0.000,200,-31328.00,-141.255
7191,0.000,200,-29689.00,-133.688
7283,0.000,200,-28035.00,-126.051
7374,0.000,200,-26349.00,-118.267
7467,0.000,200,-24804.00,-111.134
7558,0.000,200,-23194.00,-103.701
7650,0.000,200,-21787.00,-97.204
7741,0.000,200,-20646.00,-91.936
7833,0.000,200,-19447.00,-86.401
7924,0.000,200,-18113.00,-80.242
8016,0.000,200,-16735.00,-73.880
8108,0.000,200,-15513.00,-68.238
8200,0.000,200,-14199.00,-62.171
8291,0.000,200,-12908.00,-56.210
8383,0.000,200,-11662.00,-50.458
8474,0.000,200,-10515.00,-45.162
8566,0.000,200,-9458.00,-40.282
8657,0.000,200,-8279.00,-34.838
8750,0.000,200,-7264.00,-30.152
8841,0.000,200,-6036.00,-24.483
8933,0.000,200,-4908.00,-19.275
9025,0.000,200,-3944.00,-14.824
9116,0.000,200,-3086.00,-10.863
9208,0.000,200,-2247.00,-6.989
9300,0.000,200,-1372.00,-2.949
9392,0.000,200,-561.00,0.795
9483,0.000,200,147.00,4.064
9575,0.000,200,648.00,6.377
9666,0.000,200,904.00,7.559
9758,0.000,200,1052.00,8.242
9849,0.000,200,1179.00,8.829
9942,0.000,200,1201.00,8.930
10033,0.000,200,1167.00,8.773
10125,0.000,200,1196.00,8.907
10216,0.000,200,1173.00,8.801
10308,0.000,200,1193.00,8.893
10399,0.000,200,1121.00,8.561
10491,0.000,200,1068.00,8.316
10583,0.000,200,1148.00,8.686
10675,0.000,200,1139.00,8.644
10766,0.000,200,1092.00,8.427