ms,pos,steps,strain,g
0,0.000,200,-497.00,1.091
2,0.000,200,-566.00,0.772
89,0.000,200,-3027.00,-10.590
181,0.000,200,-12240.00,-53.126
273,0.000,200,-23643.00,-105.774
365,0.000,200,-33728.00,-152.336
456,0.000,200,-42741.00,-193.948
548,0.000,200,-51317.00,-233.543
639,0.000,200,-59132.00,-269.625
731,0.000,200,-67133.00,-306.565
822,0.000,200,-76436.00,-349.517
915,0.000,200,-83376.00,-381.559
1006,0.000,200,-81583.00,-373.280
1097,0.000,200,-69529.00,-317.628
1189,0.000,200,-53931.00,-245.612
1280,0.000,200,-40673.00,-184.400
1372,0.000,200,-29907.00,-134.694
1463,0.000,200,-21176.00,-94.383
1556,0.000,200,-13582.00,-59.322
1647,0.000,200,-7592.00,-31.667
1739,0.000,200,-1858.00,-5.193
1830,0.000,200,3086.00,17.633
1921,0.000,200,4707.00,25.117
2013,0.000,200,4025.00,21.969
2104,0.000,200,3468.00,19.397
2197,0.000,200,3169.00,18.017
2288,0.000,200,2939.00,16.955
2380,0.000,200,2768.00,16.165
2471,0.000,200,2594.00,15.362
2563,0.000,200,2444.00,14.669
2654,0.000,200,2321.00,14.101
2747,0.000,200,2207.00,13.575
2838,0.000,200,2145.00,13.289
2929,0.000,200,2096.00,13.063
3021,0.000,200,2055.00,12.873
3112,0.000,200,1981.00,12.532
3204,0.000,200,1907.00,12.190
3295,0.000,200,1865.00,11.996
3388,0.000,200,1832.00,11.844
3479,0.000,200,1806.00,11.724
3571,0.000,200,1777.00,11.590
3662,0.000,200,1703.00,11.248
3754,0.000,200,1636.00,10.939