ms,pos,steps,strain,g
0,0.000,200,34.00,3.542
2,0.000,200,34.00,3.542
57,0.000,200,-255.00,2.208
149,0.000,200,-1342.00,-2.811
240,0.000,200,-3085.00,-10.858
332,0.000,200,-4973.00,-19.575
424,0.000,200,-6999.00,-28.929
516,0.000,200,-8865.00,-37.544
607,0.000,200,-10680.00,-45.924
699,0.000,200,-12591.00,-54.747
791,0.000,200,-14568.00,-63.875
882,0.000,200,-16642.00,-73.450
974,0.000,200,-18669.00,-82.809
1066,0.000,200,-21098.00,-94.023
1158,0.000,200,-23650.00,-105.806
1249,0.000,200,-26136.00,-117.284
1341,0.000,200,-28632.00,-128.808
1432,0.000,200,-31248.00,-140.886
1524,0.000,200,-33987.00,-153.531
1615,0.000,200,-36541.00,-165.323
1708,0.000,200,-39053.00,-176.921
1799,0.000,200,-41488.00,-188.163
1891,0.000,200,-43849.00,-199.064
1983,0.000,200,-46242.00,-210.112
2074,0.000,200,-48618.00,-221.082
2166,0.000,200,-50486.00,-229.707
2258,0.000,200,-51797.00,-235.760
2350,0.000,200,-53953.00,-245.714
2441,0.000,200,-55869.00,-254.560
2533,0.000,200,-57170.00,-260.566
2624,0.000,200,-58964.00,-268.849
2716,0.000,200,-61267.00,-279.482
2807,0.000,200,-63721.00,-290.812
2900,0.000,200,-66032.00,-301.482
2991,0.000,200,-68314.00,-312.018
3083,0.000,200,-70661.00,-322.854
3175,0.000,200,-73011.00,-333.704
3266,0.000,200,-75298.00,-344.263
3358,0.000,200,-77717.00,-355.431
3449,0.000,200,-80271.00,-367.223
3542,0.000,200,-82654.00,-378.225
3633,0.000,200,-85057.00,-389.320
3725,0.000,200,-87452.00,-400.377
3816,0.000,200,-89731.00,-410.899
3908,0.000,200,-92042.00,-421.569
3999,0.000,200,-94522.00,-433.019
4092,0.000,200,-97025.00,-444.576
4183,0.000,200,-99392.00,-455.504
4275,0.000,200,-101873.00,-466.959
4366,0.000,200,-104223.00,-477.809
4458,0.000,200,-106494.00,-488.294
4550,0.000,200,-108802.00,-498.950
4641,0.000,200,-111194.00,-509.993
4734,0.000,200,-113696.00,-521.545
4825,0.000,200,-116065.00,-532.483
4917,0.000,200,-118466.00,-543.568
5008,0.000,200,-120603.00,-553.434
5100,0.000,200,-121785.00,-558.892
5191,0.000,200,-120640.00,-553.605
5283,0.000,200,-117608.00,-539.607
5375,0.000,200,-113984.00,-522.875
5467,0.000,200,-110660.00,-507.528
5558,0.000,200,-107481.00,-492.851
5650,0.000,200,-104419.00,-478.713
5741,0.000,200,-101519.00,-465.324
5833,0.000,200,-98649.00,-452.074
5924,0.000,200,-95882.00,-439.298
6017,0.000,200,-92982.00,-425.909
6108,0.000,200,-90181.00,-412.977
6200,0.000,200,-87338.00,-399.851
6292,0.000,200,-84420.00,-386.379
6383,0.000,200,-81645.00,-373.567
6475,0.000,200,-78952.00,-361.133
6567,0.000,200,-76296.00,-348.871
6659,0.000,200,-73460.00,-335.777
6750,0.000,200,-70692.00,-322.997
6842,0.000,200,-67903.00,-310.120
6933,0.000,200,-65103.00,-297.193
7025,0.000,200,-62331.00,-284.395
7116,0.000,200,-59639.00,-271.966
7209,0.000,200,-57020.00,-259.874
7300,0.000,200,-54251.00,-247.090
7392,0.000,200,-51602.00,-234.859
7483,0.000,200,-48893.00,-222.352
7575,0.000,200,-46133.00,-209.609
7667,0.000,200,-43556.00,-197.711
7758,0.000,200,-41084.00,-186.298
7851,0.000,200,-38655.00,-175.083
7942,0.000,200,-36170.00,-163.610
8034,0.000,200,-33877.00,-153.024
8125,0.000,200,-31424.00,-141.698
8217,0.000,200,-29027.00,-130.631
8308,0.000,200,-26871.00,-120.677
8400,0.000,200,-24887.00,-111.517
8492,0.000,200,-23199.00,-103.724
8584,0.000,200,-22064.00,-98.483
8675,0.000,200,-21131.00,-94.176
8767,0.000,200,-19336.00,-85.888
8858,0.000,200,-17511.00,-77.462
8950,0.000,200,-16394.00,-72.305
9042,0.000,200,-15369.00,-67.573
9134,0.000,200,-13849.00,-60.555
9226,0.000,200,-11994.00,-51.990
9317,0.000,200,-10132.00,-43.394
9409,0.000,200,-8106.00,-34.040
9500,0.000,200,-6081.00,-24.690
9592,0.000,200,-4217.00,-16.084
9684,0.000,200,-2564.00,-8.453
9776,0.000,200,-1076.00,-1.582
9867,0.000,200,396.00,5.214
9959,0.000,200,1695.00,11.211
10050,0.000,200,3044.00,17.439
10142,0.000,200,4169.00,22.634
10233,0.000,200,4557.00,24.425
10326,0.000,200,4484.00,24.088
10417,0.000,200,4404.00,23.719
10509,0.000,200,4298.00,23.229
10600,0.000,200,4187.00,22.717
10692,0.000,200,4111.00,22.366
10783,0.000,200,4149.00,22.541
10876,0.000,200,4107.00,22.347
10968,0.000,200,4035.00,22.015
11059,0.000,200,3989.00,21.802