ms,pos,steps,strain,g
0,0.000,200,-10883.00,-46.861
2,0.000,200,-10875.00,-46.824
19,0.000,200,-11231.00,-48.468
110,0.000,200,-17972.00,-79.591
202,0.000,200,-39658.00,-179.714
294,0.000,200,-65956.00,-301.131
385,0.000,200,-90967.00,-416.606
478,0.000,200,-114510.00,-525.303
569,0.000,200,-126049.00,-578.578
661,0.000,200,-119897.00,-550.175
752,0.000,200,-95974.00,-439.723
844,0.000,200,-65566.00,-299.331
936,0.000,200,-37069.00,-167.761
1027,0.000,200,-14324.00,-62.748
1120,0.000,200,-4236.00,-16.172
1211,0.000,200,-3328.00,-11.980
1303,0.000,200,-3686.00,-13.633
1394,0.000,200,-3949.00,-14.847
1486,0.000,200,-4113.00,-15.604
1577,0.000,200,-4216.00,-16.080
1669,0.000,200,-4294.00,-16.440
1761,0.000,200,-4382.00,-16.846
1853,0.000,200,-4473.00,-17.266
1945,0.000,200,-4529.00,-17.525
2036,0.000,200,-4563.00,-17.682
2128,0.000,200,-4619.00,-17.940
2219,0.000,200,-4654.00,-18.102
2311,0.000,200,-4652.00,-18.093
2403,0.000,200,-4684.00,-18.240
2495,0.000,200,-4673.00,-18.190
2586,0.000,200,-4736.00,-18.481
2678,0.000,200,-4778.00,-18.674
2769,0.000,200,-4749.00,-18.541
2861,0.000,200,-4726.00,-18.434
2954,0.000,200,-4760.00,-18.591
3045,0.000,200,-4787.00,-18.716