ms,pos,steps,strain,g
0,0.000,200,59.00,3.658
2,0.000,200,80.00,3.755
16,0.000,200,-224.00,2.351
108,0.000,200,-7100.00,-29.395
200,0.000,200,-30427.00,-137.095
291,0.000,200,-62403.00,-284.727
384,0.000,200,-93821.00,-429.783
475,0.000,200,-130003.00,-596.834
567,0.000,200,-172461.00,-792.861
658,0.000,200,-216497.00,-996.174
750,0.000,200,-261042.00,-1201.836
841,0.000,200,-304045.00,-1400.380
933,0.000,200,-334930.00,-1542.975
1025,0.000,200,-333506.00,-1536.400
1117,0.000,200,-296444.00,-1365.286
1208,0.000,200,-244768.00,-1126.700
1300,0.000,200,-194993.00,-896.890
1391,0.000,200,-148474.00,-682.114
1483,0.000,200,-104661.00,-479.831
1574,0.000,200,-63885.00,-291.569
1666,0.000,200,-29431.00,-132.497
1758,0.000,200,-6828.00,-28.139
1849,0.000,200,433.00,5.385
1941,0.000,200,901.00,7.545
2032,0.000,200,852.00,7.319
2124,0.000,200,835.00,7.241
2216,0.000,200,833.00,7.231
2308,0.000,200,789.00,7.028
2399,0.000,200,787.00,7.019
2491,0.000,200,755.00,6.871
2582,0.000,200,788.00,7.024
2674,0.000,200,763.00,6.908
2765,0.000,200,679.00,6.520
2858,0.000,200,688.00,6.562
2949,0.000,200,679.00,6.520
3041,0.000,200,632.00,6.303
3132,0.000,200,701.00,6.622
3224,0.000,200,745.00,6.825
3315,0.000,200,680.00,6.525
3407,0.000,200,605.00,6.179
3499,0.000,200,589.00,6.105
3591,0.000,200,643.00,6.354
3682,0.000,200,687.00,6.557
3774,0.000,200,655.00,6.410
3865,0.000,200,687.00,6.557
3957,0.000,200,707.00,6.650