ms,pos,steps,strain,g
0,0.000,200,-72.00,3.053
2,0.000,200,-10.00,3.339
55,0.000,200,-247.00,2.245
146,0.000,200,-3730.00,-13.836
238,0.000,200,-13340.00,-58.205
329,0.000,200,-26998.00,-121.263
422,0.000,200,-42508.00,-192.873
514,0.000,200,-57990.00,-264.352
605,0.000,200,-72550.00,-331.575
697,0.000,200,-86846.00,-397.580
788,0.000,200,-103391.00,-473.967
880,0.000,200,-119940.00,-550.373
971,0.000,200,-128130.00,-588.186
1064,0.000,200,-121791.00,-558.919
1155,0.000,200,-103866.00,-476.160
1247,0.000,200,-84465.00,-386.587
1338,0.000,200,-66264.00,-302.553
1430,0.000,200,-48795.00,-221.899
1522,0.000,200,-32611.00,-147.178
1613,0.000,200,-19854.00,-88.280
1706,0.000,200,-10317.00,-44.248
1797,0.000,200,-2861.00,-9.824
1889,0.000,200,-92.00,2.961
1980,0.000,200,173.00,4.184
2072,0.000,200,221.00,4.406
2163,0.000,200,156.00,4.106
2256,0.000,200,162.00,4.133
2347,0.000,200,169.00,4.166
2439,0.000,200,156.00,4.106
2530,0.000,200,106.00,3.875
2622,0.000,200,97.00,3.833
2713,0.000,200,89.00,3.796
2805,0.000,200,124.00,3.958
2897,0.000,200,143.00,4.046
2989,0.000,200,144.00,4.050
3080,0.000,200,112.00,3.902
3172,0.000,200,97.00,3.833
3264,0.000,200,150.00,4.078
3355,0.000,200,125.00,3.9