s,lift,drag
0.1,61.97521090856049,6.161399115244866
0.15000000000000002,57.54123046393719,6.4958481310153555
0.2,58.72452596409302,5.011632868747863
0.25,57.681845258910236,7.481145851728456
0.30000000000000004,58.52010165519649,5.48187693455021
0.35,56.19108889410626,4.8009704919834135
0.4,58.413508493089495,6.760896306589009
0.45000000000000007,59.15885315713828,3.476087026325847
0.5,56.485965102295324,4.561771905625228
0.55,58.69907679233805,6.489456657905621
0.6,57.87713371269372,8.576863373733744
0.65,56.59221667239565,5.609923711462605
0.7000000000000001,59.86396962276468,6.414192816783537
0.75,57.258622739107196,5.016542179755772
0.8,58.879442536411844,6.920908625771124
0.85,60.430591070819624,5.4720861385544515
0.9,57.75950242727632,8.428168968621518
0.9500000000000001,61.572176817165875,7.823562408914781
1,60.21048533547043,6.111856866275154
1.05,59.49800201318992,6.5578848578687605
1.1,56.250386718107194,6.043217764498392
1.1500000000000001,58.04445859065962,5.381221112913116
1.2000000000000002,59.10781775547962,2.8409620062416585
1.2500000000000002,60.012702405280685,4.5370970134374105
1.3000000000000003,59.95192610137776,6.543755162679156
1.35,58.152610351288494,6.848957320134134
1.4000000000000001,59.12430410605476,6.9431418090071855
1.4500000000000002,59.32968431061396,5.723803501416217
1.5000000000000002,59.23417177527225,5.41581422609151
1.5500000000000003,57.21496001498961,3.309590698414725
1.6,58.5119546436371,6.1926566043547915
1.6500000000000001,58.55650420274052,3.673963778909563
1.7000000000000002,61.391580371401595,7.221026759101008
1.7500000000000002,60.92700191403298,4.5903774969301825
1.8000000000000003,60.93649498807827,4.786400956067921
1.85,57.93169914532662,6.782395941508176
1.9000000000000001,57.10241740113516,5.973846503759069
1.9500000000000002,60.84016425968039,6.970974511645174
2,57.06447202968203,6.096779849326132
2.0500000000000003,59.13014458107138,3.8489415831867007
2.1,58.50646173901426,4.458529024807313
2.1500000000000004,59.404827942641546,5.951256134150767
2.2,60.25874987374367,7.296616886203039
2.25,59.306246604219204,5.711289169898474
2.3000000000000003,58.910331070245086,7.565221025313131
2.35,60.82916347142979,7.69941058588258
2.4000000000000004,60.389440197047875,3.318514361628211
2.45,59.77145947250412,6.9431121832230245
2.5000000000000004,58.17020827198486,8.944853630480596
2.5500000000000003,58.090495632541675,4.792235309278084
2.6,59.26242558137797,4.171208134483119
2.6500000000000004,60.895521536729674,6.4539450694558615
2.7,58.49975446140537,5.716252477835209
2.7500000000000004,57.86992663356657,7.733668508346053
2.8000000000000003,60.717578724114446,7.220086888962088
2.85,60.450492098725746,6.390409390633462
2.9000000000000004,61.26723442424686,6.910609460363628
2.95,57.310538245256296,6.021956116609338
3.0000000000000004,58.807270011637506,6.449012400606755
3.0500000000000003,57.616985932264804,7.212968024790804
3.1,59.697753121577726,7.250806661344813
3.1500000000000004,60.14149851631443,3.668928306012202
3.2,58.86300428094955,5.847295051061064
3.2500000000000004,60.86684944422021,5.765416491163218
3.3000000000000003,61.84300069498933,5.856115083204169
3.35,59.18624680977678,6.28618994263861
3.4000000000000004,55.99131768991116,5.668462567147158
3.45,58.830124226223155,4.683214050153229
3.5000000000000004,55.79243134614773,5.9725760379448065
3.5500000000000003,62.07933494248162,3.758294111930614
3.6,58.80343092839188,6.29952490699212
3.6500000000000004,56.63067666592755,4.563038743480009
3.7,59.02580769826708,3.3910141078490614
3.7500000000000004,59.21304553801749,7.584827729583674
3.8000000000000003,58.513140189965085,4.492508522486138
3.85,59.64826264890806,4.830320880908839
3.9000000000000004,58.20785530307364,6.513649768029246
3.95,57.10169623982131,5.185053190145169
4,58.49901562582907,4.517664689239076
4.05,59.048566179402975,6.045329860586444
4.1,58.40782362633789,6.042988156134466
4.1499999999999995,60.02609691684862,5.2751460437980136
4.2,56.75135276527417,6.204813558602707
4.25,59.95600495472389,8.789120492966365
4.3,58.945742728855066,8.41524315509822
4.35,57.55711795427323,6.253974084530728
4.3999999999999995,61.174522008335806,5.197693897546365
4.45,58.542694620287136,5.011137809704752
4.5,60.53988466563507,8.592759255663491
4.55,60.97130822438011,3.66902718328679
4.6,60.73856492289551,6.344227880874653
4.6499999999999995,58.41930292837636,6.876049172879727
4.7,58.34109513007514,6.978694328273466
4.75,57.59541189981093,4.3814750171008345
4.8,59.22181788576145,5.3410026144098595
4.85,60.49817110153243,3.802945566574994
4.9,60.23890877252394,6.348980119987625
4.95,57.99996063607914,8.32127789565033
5,60.32160281049186,5.935935111913275
5.05,56.979233805162,4.730835442054701
5.1,60.070996284607986,6.839242251320986
5.15,58.430684366493516,6.352866098548338
5.2,61.19159252920964,6.942551444040275
5.25,59.3886339692101,4.370747000341322
5.3,60.640729331372555,4.476044837613458
5.35,61.97787540873161,4.537911669114971
5.4,59.14246239532785,7.425939100375695
5.45,59.0236435723142,5.574412704641154
5.5,57.31449865349371,5.29863994724592
5.55,57.76964494732282,7.253952412768992
5.6,58.866532617262244,5.031485568034554
5.65,59.64059879433549,4.251306644785964
5.7,58.655815527656515,5.084590495287836
5.75,55.63771189146039,6.058529155121354
5.8,57.160611915481724,7.239544903936529
5.85,59.710172672277736,6.672019114622817
5.9,59.76435345701614,6.464827717026704
5.95,61.57555358413986,5.532510945845618
6,58.82750928654673,5.144326439185454
6.05,59.223585998306035,5.369063932114464
6.1,58.82296049972601,4.805731229066304
6.15,58.83184023936441,5.380327184390657
6.2,63.26599492863088,6.133308426958031
6.25,59.94318236390074,4.40421303473455
6.3,58.55716240251429,7.728255888005661
6.35,57.58499862222514,4.894179588211934
6.4,60.41273713544868,6.646701557244665
6.45,57.698369994049735,5.647650869742851
6.5,56.30394956884696,5.1099635660414355
6.55,59.71734422941335,4.636883437990772
6.6,58.555023212248166,5.438579614966127
6.65,60.72017580693889,2.6824759838742898
6.7,59.283297793530664,7.178681839520392
6.75,61.316354809729575,6.677923362733078
6.8,61.254597018975616,6.26353359677683
6.85,61.44783186036092,5.419133409783843
6.9,59.57069822838328,6.197227106734515
6.95,60.03649469304464,7.821279271519155
7,59.847934668595684,5.97615649102759
7.05,57.684595352923125,7.04115913127427
7.1,60.347535122864855,3.3371334503509105
7.15,59.77295332702748,7.746145563108518
7.2,62.158885931120295,5.606306742454909
7.25,60.12784766633507,8.491171722376343
7.3,61.34448365280362,4.256543241484167
7.35,60.86772584182488,4.437238317427402
7.4,60.826508986968506,8.755539905970831
7.45,60.857309345503104,3.055510000255236
7.5,60.18867341009455,3.4009709935680927
7.55,60.170261393080594,6.280332192397179
7.6,58.852958452065764,6.153624860172398
7.65,58.42721291685868,6.56146911776399
7.7,61.00778897349087,6.846251132972391
7.75,58.132349158886,4.247762778166721
7.8,61.69445378077754,6.163530558019547
7.85,58.16407936531744,5.783350571703207
7.9,59.66349757600325,7.584466179839317
7.95,57.439803945225584,7.364308067250776
8,58.83459894186714,5.191247547288438
8.05,58.723156309266756,3.2477701647654005
8.1,59.051472089052034,5.1298614587544895
8.15,57.592790521712374,7.824675698808683
8.2,60.25462041369103,6.62902947033372
8.25,58.50089134121513,7.249469911751397
8.3,58.95767190149486,8.459793908864082
8.35,59.831545967649575,6.004614693910002
8.4,61.635003080645355,5.962070798546502
8.45,59.158297600490876,6.720220288907405
8.5,59.15437153655916,6.197360365710202
8.55,60.89696929716845,6.4292441488031224
8.6,63.82624729432542,5.334841126839693
8.65,58.140573621078246,6.1812205795354505
8.7,59.54525522190431,6.838314345882392
8.75,60.28050742418535,5.399712605540359
8.8,58.03522176293015,9.336380796594748
8.85,58.584119548152756,6.890338089888941
8.9,56.807045084099954,4.142448111507878
8.95,56.83402402806154,5.402946740902001
9,60.49454391832613,4.494944785439195
9.05,60.889516298254854,5.439890802621433
9.1,60.6618022658086,5.387792135794
9.15,59.50169432856557,5.832927836806801
9.2,61.02656259160775,6.608565604686038
9.25,60.61968323114178,5.318634799544977
9.3,58.161444608285095,4.750698783422321
9.35,59.616213045399746,3.9044100047841344
9.4,60.99480355413777,9.103199668651918
9.45,59.95808059820756,4.787088310780147
9.5,60.337950298457095,7.0193318565234755
9.55,59.40300433974494,3.7029846820229797
9.6,59.15922910955506,2.6543260976245193
9.65,60.03140638972149,7.394378080925432
9.700000000000001,60.9902254122199,3.1823029288931384
9.75,60.557740804360975,5.675956770826845
9.8,58.55771998531924,5.238144363072635
9.85,55.62026491378496,7.248960273557321
9.9,59.45443193033145,6.549514634694716
9.950000000000001,61.23047254845492,9.52444795108959
10,56.030287608957366,8.25171949699617
10.05,58.74416781974475,2.8694293190011066
10.1,58.84996402446987,6.46508268235533
10.15,57.42501470357923,5.294739596083518
10.200000000000001,59.07380004980491,4.771108066332287
10.25,59.772632633891256,4.708232500247458
10.3,57.35081193843014,6.2445466135614485
10.35,58.71688027387741,4.202650441564183
10.4,58.82071914453677,4.572020286873571
10.450000000000001,59.66343814269028,8.328606405383022
10.5,58.85750585024897,5.3073238402394685
10.55,59.34010153173294,5.487195666051842
10.6,57.76815804962523,3.9816966560156493
10.65,58.50242529652267,3.976052572027179
10.700000000000001,59.109393098416724,6.075847166052319
10.75,59.67326082769563,5.076033300921975
10.8,60.464543753435684,6.33218889611541
10.85,60.413170213876974,6.125790775072945
10.9,61.218618344483524,6.215396831125352
10.950000000000001,59.38148537942,4.9688704608254985
11,61.67920463593262,7.582772082873778
11.05,61.70898798685195,7.735570993827282
11.1,59.16076874405511,5.816751408651563
11.15,62.37557321628425,5.781021820012495
11.200000000000001,58.34834571376202,6.26981747846106
11.25,58.06287889458105,5.40718916040375
11.3,59.9994089162596,4.468632578033539
11.35,58.19197651941052,5.221521003895563
11.4,61.91223692999772,6.1840909160108675
11.450000000000001,59.71801570413825,2.8123673052302367
11.5,60.51560042091986,4.18583783780139
11.55,59.68294415616972,4.702022536483304
11.6,60.94024865869346,5.5586025579945995
11.65,56.547381995358165,6.162952427857631
11.700000000000001,60.57517868509117,4.802557150103274
11.75,62.55333549939524,7.7505705523861055
11.8,58.13861402237748,6.854737346555705
11.85,61.1379389290725,6.7325091369400525
11.9,58.76288522555603,7.22529973421331
11.950000000000001,56.95204900236154,5.928541804351736
12,58.26665450054741,6.161661919672048
12.05,59.48461053444207,6.622319131410035
12.1,59.240842881376246,6.923059015750819
12.15,59.602895009920026,5.622622620650114
12.200000000000001,56.14022630742633,3.771057848206436
12.25,58.94676650390665,7.330446157232274
12.3,60.39811292433483,5.361604631333372
12.35,60.32245853641521,6.901222880387939
12.4,57.89037739807756,2.5207754281930668
12.450000000000001,60.86116092355597,5.425995623631048
12.5,60.96186058420115,5.18388495784413
12.55,59.40392990975919,6.736540009377148
12.6,60.52717601332425,5.614654506614643
12.65,57.14222503702094,7.160517139849484
12.700000000000001,59.58771622355502,5.3955366387984425
12.75,62.15376382636492,4.901081831937838
12.8,57.55591568597146,4.87089317208512
12.85,60.91133141654987,5.833331443671267
12.9,59.28941140089051,6.536980108881449
12.950000000000001,58.95063078448329,8.561392295302236
13,61.348499365809054,7.396409785609393
13.05,62.351815471931,3.323675932206645
13.1,57.99662229274149,7.42485230211567
13.15,61.51608151974959,4.779952218940498
13.200000000000001,59.10429877802577,7.386724422086958
13.25,60.00396568119417,6.305160979817123
13.3,57.57129332039659,5.01882945684079
13.35,60.8433341173516,6.905371116029521
13.4,61.51114122427971,4.858210685565554
13.450000000000001,55.31962602605641,6.161512142993942
13.5,56.80396030709204,7.093226745809213
13.55,58.5172365472617,7.643271940790304
13.6,57.18177410634429,5.799544719919432
13.65,60.21657293748005,4.44381666708189
13.700000000000001,61.53249465126264,7.8611194496652566
13.75,59.260733944900764,5.402585774354686
13.8,59.50956133502473,4.890463641063061
13.85,59.0347982993433,8.090400081007083
13.9,58.963798571461446,6.147545396743608
13.950000000000001,58.96923398421082,6.246541278052094
14,58.35225249699449,7.715982711108063
14.05,58.4693360386882,6.785326795789877
14.1,59.235199955879374,8.388142863331959
14.15,59.46875607972442,4.563668093885809
14.200000000000001,57.417007487746744,7.255567918415325
14.25,59.801411937214056,6.101938062649016
14.3,60.33656045434644,7.711522583916063
14.35,56.73006837530189,7.299743966880625
14.4,57.56906251521772,4.392762932637398
14.450000000000001,60.352467772590074,8.791683665829208
14.5,61.20021489719327,7.060291101102633
14.55,58.862247768389054,6.633350893143014
14.6,58.302532231275315,6.414574350833017
14.65,58.80492248847532,6.761722985540622
14.700000000000001,61.66960116584708,4.941625316755755
14.75,60.41289918306863,6.88228423854169
14.8,57.94995252813539,5.886548204245916
14.85,59.921759508360594,3.6605578613681558
14.9,61.38656550792112,6.719834972912144
14.950000000000001,58.02970235407285,7.364110670187421
15,59.68493951346668,4.815945619069546
15.05,58.06574231405351,6.754697772178715
15.1,60.427043129962144,6.831049517135997
15.15,62.173405469216064,6.309915561090064
15.200000000000001,59.38688593413938,5.486373213745408
15.25,58.11897297302481,3.1681746512649944
15.3,59.13815160949917,6.437471808243043
15.35,60.21175912354885,6.922975643899514
15.4,58.55200561148908,5.480995227161702
15.450000000000001,60.66264386209627,4.237800707670043
15.5,60.67884739496325,7.7713374291198125
15.55,57.68373736744037,5.46390530371215
15.6,59.14338302471099,7.108166893753646
15.65,59.99266161910444,8.28594344128897
15.700000000000001,62.32787720980284,8.094799524364543
15.75,59.231979042630925,4.816141239296348
15.8,59.338798339737146,4.553831472816999
15.85,60.835797417840936,7.6466155966285445
15.9,56.941526353038924,7.981487371787969
15.950000000000001,57.47633279721517,5.981527761222234
16,59.650417823152324,6.1964233567585465
16.05,60.51855886740998,7.979005482509641
16.1,60.37612819094983,6.63404384467307
16.150000000000002,59.79372222801838,7.029774623097642
16.200000000000003,59.487862016676964,4.041521769270443
16.250000000000004,60.140227687885684,7.149869366774077
16.3,59.30697714614107,8.889878027394563
16.35,59.978356582469424,5.810165221106687
16.400000000000002,60.84401313776654,5.522552836150727
16.450000000000003,60.62674887857447,6.2022768368013494
16.500000000000004,60.46082178035406,7.217061548186566
16.55,58.809500265674195,3.296479233823259
16.6,57.61759614224419,7.885386309615287
16.650000000000002,61.30496108599022,7.150622458003572
16.700000000000003,57.30019869728214,4.3358618418007175
16.750000000000004,58.62709206128363,5.842802449967752
16.8,58.940040954519546,4.262229038185983
16.85,56.63877332186458,5.177179205922498
16.900000000000002,57.76896485897617,7.236230008158696
16.950000000000003,60.2557360600671,5.151102132743422
17.000000000000004,60.12394132409903,3.7270181370224145
17.05,60.85280217032826,6.175186340021709
17.1,62.05564644535356,6.950340800883627
17.150000000000002,59.46122923606841,5.340377658909369
17.200000000000003,61.35786162190631,8.455925658053532
17.250000000000004,59.653525179391664,4.47512108747414
17.3,58.602215138133715,4.052148254930924
17.35,59.66563318651715,6.671613237905666
17.400000000000002,59.772925376434415,6.489263318857357
17.450000000000003,57.72496035252175,6.376413269947987
17.500000000000004,60.017039449925356,8.433866788303533
17.55,59.78098104931751,6.641236971022489
17.6,60.46920770180086,3.12440248447032
17.650000000000002,59.148666859893645,6.8026319970108675
17.700000000000003,58.99838885678238,5.170146111880388
17.750000000000004,59.5687153698893,6.607540142010059
17.8,57.95383931979965,5.025258746533299
17.85,60.4075225823874,5.420690834077819
17.900000000000002,61.11694540182401,3.8895347619167566
17.950000000000003,63.16314299777527,5.84060945806325
18.000000000000004,59.737874450665345,2.4594276754514484
18.05,57.795665389522505,4.929712562395299
18.1,60.36014861829206,7.332005943270007
18.150000000000002,59.818202075564656,5.523756685556037
18.200000000000003,58.08507825502484,8.786728960673585
18.250000000000004,57.56916664408699,5.804786065770624
18.3,59.84973347419294,8.466314454298095
18.35,59.88015221339352,5.652624266248534
18.400000000000002,60.237956064587394,5.905767371307702
18.450000000000003,57.30969228271828,4.860795763324269
18.500000000000004,60.201168192192156,6.718608719941081
18.55,58.262137853170564,6.953289362349048
18.6,57.031540120800074,6.023314387067853
18.650000000000002,60.031263363966325,4.690297659112794
18.700000000000003,59.65013978274001,5.170644155398136
18.750000000000004,58.030437720265134,5.225074014732442
18.8,60.84200024418453,6.66228925355377
18.85,56.50106324853009,4.441746800006994
18.900000000000002,59.879329528580634,5.899233357034086
18.950000000000003,59.44507990286867,6.904476136495514
19.000000000000004,60.97321379861454,4.852892862622213
19.05,55.54123994699897,6.60948198862746
19.1,60.01065179265624,6.788104395078955
19.150000000000002,57.67390031131553,7.511111488138068
19.200000000000003,60.48980691381042,5.807433649735165
19.250000000000004,56.62752399347255,6.6188774798722925
19.300000000000004,58.18105528236501,4.470220815995241
19.35,59.03246644910096,5.4631506110719155
19.400000000000002,57.67897683368671,6.528384823787788
19.450000000000003,62.47619034772681,5.216368334464184
19.500000000000004,58.8370756748267,6.962462453796917
19.550000000000004,60.195082907433935,6.021144940482854
19.6,62.349017215550234,5.888556919965182
19.650000000000002,57.68251671164533,5.123913245504836
19.700000000000003,59.412792568833204,5.603235821552279
19.750000000000004,59.65206113231014,5.073951928506798
19.800000000000004,59.75334143542353,4.262166918217045
19.85,58.973853005940434,6.582696652279648
19.900000000000002,61.34589428290507,5.8985579291203765
19.950000000000003,59.27899933401507,7.79398568537772
20.000000000000004,58.74441362049609,5.381074881848795
20.050000000000004,58.83051071851544,6.613699707675834
20.1,59.0929995747891,4.776850566930008
20.150000000000002,58.634285801442225,4.577788385386851
20.200000000000003,57.502784816565715,6.575457643808782
20.250000000000004,61.72324653823941,7.791818856886979
20.300000000000004,59.17156071254854,4.629493123843852
20.35,55.74483453284599,5.707985975597172
20.400000000000002,58.609652017840794,7.634735586692076
20.450000000000003,58.62586612886182,4.92958051342922
20.500000000000004,60.80631010060266,6.938282144044348
20.550000000000004,60.017015603489455,4.843318432133288
20.6,60.49963094276901,6.911240779259395
20.650000000000002,60.56160326098196,6.531717151390293
20.700000000000003,58.512241237151784,7.377177084946432
20.750000000000004,57.672990735196244,6.438883434397086
20.800000000000004,59.24909675744268,6.80690689244047
20.85,59.09023239006671,5.272276135841286
20.900000000000002,59.264021269436476,5.140986605077673
20.950000000000003,58.0999268823158,9.217054911285327
21.000000000000004,60.715795869193464,2.00542962762098
21.050000000000004,59.459896274367715,5.603618430269046
21.1,58.218287970098565,4.613692492019336
21.150000000000002,60.22640225474359,6.747232912191456
21.200000000000003,60.50568236362577,7.299965141503913
21.250000000000004,58.05196361830776,6.619852009763759
21.300000000000004,62.0257607403537,5.583961741220293
21.35,57.81471177348758,6.220301459381025
21.400000000000002,60.8016459554256,4.3642161376796
21.450000000000003,59.9869850967255,5.6628384755779235
21.500000000000004,60.592278760441005,6.024690679962655
21.550000000000004,58.42233843204175,5.025663884683697
21.6,62.494405099661385,7.754134750963504
21.650000000000002,57.48647160348804,6.907958397968915
21.700000000000003,59.27744560530939,5.1712139696880355
21.750000000000004,58.99151452320573,6.075405541276493
21.800000000000004,56.096173271575175,8.120833195222815
21.85,57.808343160678305,8.262077351744209
21.900000000000002,57.00103452459922,6.250898431700694
21.950000000000003,59.19636446980717,7.852449806384922
22.000000000000004,58.84055005128184,6.399953588976752
22.050000000000004,60.48618333683378,4.496333580801014
22.1,61.623127104301624,8.816944567486736
22.150000000000002,58.338932807699095,6.435407645723709
22.200000000000003,59.60333928738647,4.671156989031009
22.250000000000004,60.56570280244189,6.212358393579923
22.300000000000004,57.98982860470498,4.183227736522491
22.35,60.313769084193325,2.121035739182797
22.400000000000002,59.03366396146487,4.536838834976949
22.450000000000003,60.74265184282086,7.824662055149952
22.500000000000004,57.155982378698724,5.158002086633729
22.550000000000004,59.209289009360226,6.328142760791579
22.6,59.284469247080445,6.664203084038597
22.650000000000002,58.53189228574272,8.600492174953349
22.700000000000003,61.75490862609452,8.06958100446971
22.750000000000004,58.20546977248522,3.752400021351006
22.800000000000004,58.53370706045137,6.367035146873576
22.85,59.602838392441384,5.4523275761485
22.900000000000002,58.92088204105043,4.755570796506304
22.950000000000003,59.374427914758414,5.919930314911843
23.000000000000004,61.55314083292262,7.227069562725523
23.050000000000004,60.24534940125138,4.616623884808257
23.1,60.96448814953927,7.263716656864786
23.150000000000002,59.9577795787866,5.7700864972267825
23.200000000000003,60.37164211710728,6.9566859665567105
23.250000000000004,59.384391084316384,7.63224998043604
23.300000000000004,58.4356803233396,6.920825431759151
23.35,60.2742995036941,7.822834954899815
23.400000000000002,56.573107768712,1.5115782677408784
23.450000000000003,59.093357566748324,7.124105715973995
23.500000000000004,58.257875840089454,7.129315384918186
23.550000000000004,57.59194733734382,5.209427415066257
23.6,58.83343467013164,5.370313324889021
23.650000000000002,59.9586387829983,5.838783382753191
23.700000000000003,59.29463231570685,5.1771711490999275
23.750000000000004,62.023966776414696,6.697099342304205
23.800000000000004,58.194114177951995,7.640005644886668
23.85,60.03601089080482,7.907921598411706
23.900000000000002,58.820951252714956,4.846573183735867
23.950000000000003,59.766661388212476,8.262385571886309
24.000000000000004,62.387369023327985,4.940766325329577
24.050000000000004,60.55311998500074,5.573180841332928
24.1,60.3291205495978,4.207526408898562
24.150000000000002,56.25779260675216,4.208894156577516
24.200000000000003,59.54476096104315,7.003903240532632
24.250000000000004,58.170459413497326,4.108866724993132
24.300000000000004,59.68360459579126,7.853735788598907
24.35,59.458145720517614,5.9302710909524485
24.400000000000002,57.7600546489072,7.13827731301582
24.450000000000003,57.863059841575144,6.050370636310577
24.500000000000004,57.982030469666554,5.631335238901023
24.550000000000004,59.50258294796753,8.511852791630242
24.6,59.44583066487039,8.336871706874199
24.650000000000002,59.589750062343185,9.16420427386393
24.700000000000003,60.495019221656435,5.9359869512574015
24.750000000000004,61.26092045570808,6.7666006342895155
24.800000000000004,58.313441118722565,6.88808258075748
24.85,61.54819903420087,5.092563770971432
24.900000000000002,59.070764155011716,7.525524629659829
24.950000000000003,58.76202977559807,6.3272892814604615
25.000000000000004,58.480436817402314,4.607256595205868
25.050000000000004,60.092617808352166,6.208658706680775
25.1,55.79182410462464,4.262470678795288
25.150000000000002,58.195473119286504,6.217554213699433
25.200000000000003,59.28549300004805,9.737073765588434
25.250000000000004,59.910746057349336,6.528048775414288
25.300000000000004,57.46670503647497,5.754067137088037
25.35,61.59995832358454,6.626240002277453
25.400000000000002,59.4684928990989,5.812548224609771
25.450000000000003,60.173129804661286,7.657479529246503
25.500000000000004,59.671708365010176,5.114677061408543
25.550000000000004,60.64934580743045,7.9879545037496
25.6,59.99572914953276,3.382767314601999
25.650000000000002,58.32991617079889,7.038584549372325
25.700000000000003,58.70393929925783,9.042137938842982
25.750000000000004,56.99240491552098,7.59587132665682
25.800000000000004,60.89472481879893,3.063435775701429
25.85,57.224385575651965,5.649197883640212
25.900000000000002,59.274849053116014,4.534642757108109
25.950000000000003,59.19562729610307,8.421046634382847
26.000000000000004,58.66400764651194,6.950503997734748
26.050000000000004,59.87154877998243,6.845408696437573
26.1,60.71537453725381,7.8219146641795785
26.150000000000002,59.97515167294351,5.542667595739857
26.200000000000003,58.898212822570194,6.248701594565044
26.250000000000004,58.31446551325281,7.29511897225291
26.300000000000004,60.48858866963866,5.497610417049643
26.35,56.6716084324818,5.021716082097406
26.400000000000002,57.63353981628104,3.7123252275404988
26.450000000000003,61.322272299097385,7.5091369812919995
26.500000000000004,59.56851749705821,5.906726526968986
26.550000000000004,58.58303665301027,2.976785781817835
26.6,59.62255017846105,4.035631580405576
26.650000000000002,61.724539486050844,6.362822629707041
26.700000000000003,58.31850671795368,5.544968330990958
26.750000000000004,59.62866333210942,5.3202860148582625
26.800000000000004,61.855605732709606,4.400377264601915
26.85,62.076701912725454,4.883532731537096
26.900000000000002,57.525547057966655,7.52729084993253
26.950000000000003,60.21793200287506,6.251622840735509
27.000000000000004,57.18019435319525,5.882927609497246
27.050000000000004,60.73526535146954,5.633234893222631
27.1,59.54050682407358,6.704946067354323
27.150000000000002,57.603365563023964,5.056489144631163
27.200000000000003,59.20260778259737,6.024585916317809
27.250000000000004,60.78283566628399,4.185110629010367
27.300000000000004,61.379682212508534,4.459100300604256
27.35,59.02708724854677,5.745346183237662
27.400000000000002,59.366921884472184,4.752655878579645
27.450000000000003,57.3863729841832,7.790794546104514
27.500000000000004,58.99143301081866,5.7018677731804965
27.550000000000004,59.96334416779197,4.226826381817977
27.6,58.132494301860675,4.774894447865253
27.650000000000002,59.61985117836045,5.702161741886637
27.700000000000003,59.255512274682985,5.750390185124814
27.750000000000004,59.54490814564039,3.4792401157353456
27.800000000000004,61.741999084798366,6.472773889428238
27.85,60.00425636391566,6.5824031961423
27.900000000000002,59.87825051663825,5.217388208921729
27.950000000000003,60.922872205577384,5.794143635298955
28.000000000000004,58.72980825730273,3.0921942783108283
28.050000000000004,58.199597129798576,6.505648237466446
28.1,60.217102668283665,6.401156781218459
28.150000000000002,58.73296721070728,4.844754923724096
28.200000000000003,58.752523783635894,6.232640681628771
28.250000000000004,59.84198886906946,5.280335253934042
28.300000000000004,61.32533240877552,5.544290220773254
28.35,59.3380602554201,5.777799885812156
28.400000000000002,58.40386019138365,2.886609420656905
28.450000000000003,60.17163860701171,6.403122265003922
28.500000000000004,58.86944821751171,5.823914737953152
28.550000000000004,58.22729408799247,8.701910013821283
28.6,58.217709057016634,7.400491818541367
28.650000000000002,59.248202330122595,7.575013460368999
28.700000000000003,59.38373581038145,7.060894625642604
28.750000000000004,60.007559061779894,4.726052732708691
28.800000000000004,58.957689829860584,7.16731887993436
28.85,56.27450040962285,5.703885940710056
28.900000000000002,58.68199967114088,4.996306075090287
28.950000000000003,59.50042173724672,5.597053657126848
29.000000000000004,57.57878456285076,6.808673629158211
29.050000000000004,59.844596902997566,6.554979395262207
29.1,56.24992437875665,5.685968339486087
29.150000000000002,56.12363468832979,6.3055241275069305
29.200000000000003,62.2690247664959,4.05653213688466
29.250000000000004,61.77532385349821,7.918513737684837
29.300000000000004,60.470376866316265,4.438524152117811
29.35,58.42284977362082,7.5364825608379284
29.400000000000002,59.38166762176449,6.659582359256199
29.450000000000003,55.5896091617817,7.233599608924253
29.500000000000004,60.35245271163131,8.413427153268051
29.550000000000004,57.38187369823025,7.307694853077852
29.6,58.643995831765935,6.267926871717549
29.650000000000002,60.08459150465489,6.422941838944932
29.700000000000003,63.17334918481117,5.096465061817251
29.750000000000004,59.45163573283843,6.35103919501488
29.800000000000004,59.75823230854338,6.1047322275534945
29.85,59.88897378659301,5.809373290799253
29.900000000000002,58.58789125735272,5.940234062522658
29.950000000000003,58.76965882258791,9.020103938035238
30.000000000000004,59.17248329626544,6.045242373645316
30.050000000000004,58.51023530109892,2.537043037122645
30.1,60.770065046790805,5.654953142799414
30.150000000000002,61.92238227551951,3.677373979215094
30.200000000000003,59.16108205105634,4.5171224287875065
30.250000000000004,60.55919460403269,1.283428728143135
30.300000000000004,62.23859680379829,4.343985809384955
30.35,59.985458013578146,6.5116642712089385
30.400000000000002,59.53557542412351,6.420154683416239
30.450000000000003,58.749893757824886,7.051994834410285
30.500000000000004,57.21292802166346,5.746156688079257
30.550000000000004,59.04591965914197,7.571505934193832
30.6,58.164649652153614,5.548073315698487
30.650000000000002,57.47279699877111,4.663260042470536
30.700000000000003,59.4210776010754,6.540537679887788
30.750000000000004,59.53372832155531,5.208505673363593
30.800000000000004,59.52367265591548,7.57046342339147
30.85,61.24198317063972,4.500569434680731
30.900000000000002,57.44727376191995,7.826273323531356
30.950000000000003,59.19850979205145,5.734256228213574
31.000000000000004,58.92419215605188,2.7470294384321936
31.050000000000004,61.247557876540554,5.8490860828257345
31.1,59.824254647127326,6.266113805720492
31.150000000000002,59.17752858944018,5.0039204580831544
31.200000000000003,59.9406492197221,6.522665609165417
31.250000000000004,59.680385327219945,6.0945369109752745
31.300000000000004,62.68993725766849,6.404232196799478
31.35,60.89816418923867,4.999812232610189
31.400000000000002,58.57030505519013,3.538672683502784
31.450000000000003,60.76544530273696,4.127923178529492
31.500000000000004,56.45545053007982,4.475837563768863
31.550000000000004,56.67562073948977,6.57889157332047
31.6,61.83443937009221,5.326427366623502
31.650000000000002,58.57451177336042,6.73765345401991
31.700000000000003,59.229405342165634,5.073571851026414
31.750000000000004,59.64029437027024,4.818135898096264
31.800000000000004,60.93547733080031,6.311472385443057
31.85,59.799982563811945,6.742572638175032
31.900000000000002,61.24794933377729,7.53913064570981
31.950000000000003,61.009601211032845,5.6904025094454145
32,59.09538660956815,5.106596166921489
32.050000000000004,61.13603336281467,7.307206469197935
32.1,55.964803992981075,5.609767158865986
32.150000000000006,61.211469692555994,5.69044982284954
32.2,60.41007731358768,5.750917765463664
32.25,60.49437904503864,6.940545789672686
32.300000000000004,60.67504103448556,3.034299263900361
32.35,55.29556178907049,7.159098387256156
32.400000000000006,59.39206481116469,6.343618406275966
32.45,60.11715003602689,6.575320643815488
32.5,60.58455830752674,5.477240619099098
32.550000000000004,58.04278598638048,10.762511368166926
32.6,58.59811838887814,8.909528674278874
32.650000000000006,62.567219178293236,5.220353056437323
32.7,58.88604663479708,5.81253946649097
32.75,59.446985715406,4.991685695719786
32.800000000000004,59.600199266174904,8.240025367184012
32.85,57.86041196863116,6.422630920144808
32.900000000000006,60.055532025642975,5.96706775281914
32.95,58.81475796360594,6.329687969257812
33,60.94311702094611,3.110985673940283
33.050000000000004,60.42411151750133,5.364527834150981
33.1,58.681210987081464,2.161141394597573
33.150000000000006,59.866918972663505,5.083891477848246
33.2,59.985333187650944,6.7596274843103465
33.25,60.98827507443304,5.0028734667848855
33.300000000000004,60.90403747712316,4.16221480223321
33.35,59.763931172858086,6.655236374693873
33.400000000000006,59.35742659560086,8.111281524562706
33.45,59.46468383118753,7.934228265623194
33.5,57.21241055131382,4.926940236699952
33.550000000000004,60.19905750160374,7.243182916084285
33.6,59.004620640353124,6.808621712288527
33.650000000000006,57.97352930915279,5.916293829241744
33.7,59.84358821701396,5.77341962569255
33.75,59.72724364121295,5.931159814076563
33.800000000000004,60.7135981423484,7.0355034347004315
33.85,60.02855783454162,6.646221320963259
33.900000000000006,58.98579085453463,7.964108130180438
33.95,57.38022115206934,7.934666491124999
34,60.8574933366813,4.6827323271137695
34.050000000000004,59.02355742257666,4.573794264056481
34.1,57.59530771316283,4.630796505582378
34.150000000000006,62.14803955855506,5.3705788644508115
34.2,57.99319894875146,6.8178867127778
34.25,59.364494659584714,7.369588727944286
34.300000000000004,59.0185275901822,5.804880747624534
34.35,58.74522634349686,3.4607421881826403
34.400000000000006,63.82199957265531,6.363647378884735
34.45,58.10922439448466,5.910868967026372
34.5,60.465118005890936,7.296781477026207
34.550000000000004,61.45708733396098,5.382749488183151
34.6,59.792785794709836,6.809331287276457
34.650000000000006,60.641878597820856,5.873808107764387
34.7,56.70630779708525,6.4543524073164
34.75,58.552795206184804,6.121841796873522
34.800000000000004,58.94605180739813,5.82753079654946
34.85,61.01412103837985,8.37843164390463
34.900000000000006,59.55107996042088,4.951999272110189
34.95,59.05734183266537,7.0315570607640066
35,59.30729949943782,6.841074302321378
35.050000000000004,57.21667733184647,8.034037618867437
35.1,57.42935189993853,4.151808330167407
35.150000000000006,59.99397417802926,6.44407219009381
35.2,61.49981893581102,5.22216811466144
35.25,58.5370354975704,5.682155977053494
35.300000000000004,59.179245972255856,4.579675135678287
35.35,59.88986098133454,7.50226237459214
35.400000000000006,61.371594539876035,5.436039770891195
35.45,59.91334925852698,4.283835645763871
35.5,59.032900613259244,5.1338687915417855
35.550000000000004,58.23320822290089,3.6603323012827067
35.6,61.966679654904915,6.277290831092907
35.650000000000006,60.58122941468184,6.122066137309957
35.7,59.00829484754814,5.571530118985028
35.75,58.05071450288112,6.20216596446231
35.800000000000004,60.09179759639607,3.6546751554180887
35.85,59.15734407762713,5.771752059828746
35.900000000000006,57.93593501778747,7.349121943574392
35.95,62.9205459561217,3.6979322012820335
36,59.90066737130367,3.468795757123538
36.050000000000004,61.41601717898954,7.028272397214214
36.1,58.340452453157475,6.425079369919835
36.150000000000006,56.87085381443461,6.927444632970142
36.2,62.08980256816361,5.873547516132638
36.25,57.67836563068877,5.9495847165157825
36.300000000000004,58.99800490279822,4.0669698036713635
36.35,58.513693127740034,6.1733587711517135
36.400000000000006,58.67186177207796,3.7500338861767553
36.45,59.86957675105148,3.9850573341353916
36.5,58.915233494234165,6.342756389705427
36.550000000000004,61.3841633138093,3.763232959518601
36.6,59.59466547766757,6.80902151308981
36.650000000000006,57.413430662042835,5.26381780605165
36.7,57.85461009917418,5.4970553052120135
36.75,60.41199179742829,4.688062141185743
36.800000000000004,60.98318103031026,3.5168779847013125
36.85,58.703532958513186,4.695168549315003
36.900000000000006,59.13503056752076,7.355934245926182
36.95,57.921171870961025,4.475540585876694
37,58.514609014877934,7.141746424471921
37.050000000000004,59.64389944086111,7.481528450087069
37.1,58.072464698620884,5.828426223245892
37.150000000000006,59.271399541284566,4.1721323522022296
37.2,61.60561259538195,4.961758466509247
37.25,58.61075822707683,3.2411710688388364
37.300000000000004,59.016437900371905,6.408779122406204
37.35,59.301644715028594,4.253941365672877
37.400000000000006,58.646053971392114,5.162683346427378
37.45,55.740392639997445,4.878775180451498
37.5,61.189097013387745,6.125294106725576
37.550000000000004,60.376418588797,7.824857640015713
37.6,57.94354424872192,7.659932622062189
37.650000000000006,59.48773741850863,5.957188193171645
37.7,60.89234132506451,4.7428177069268065
37.75,61.39211126445989,8.308949606352186
37.800000000000004,60.602306428735126,4.391204780476433
37.85,58.03719625813207,7.513615758150027
37.900000000000006,59.99053825382984,3.8480105454746134
37.95,62.20713160860847,5.3369940291859965
38,57.9388163940482,7.023059047164056
38.050000000000004,61.9065712009771,5.685442959674842
38.1,61.10392914255229,5.809699947135585
38.150000000000006,55.735471472050044,3.598714699071626
38.2,60.290033323605975,5.916551733879521
38.25,60.05332909945427,7.419961443526267
38.300000000000004,57.67293468197581,5.250585296950931
38.35,57.52305558153341,5.8017969712563655
38.400000000000006,56.893689507013,4.862473021572286
38.45,56.28874154841582,4.655688623147613
38.50000000000001,60.29133878299644,6.718311482535086
38.550000000000004,57.067709471243504,5.4829188172604715
38.6,58.39502915291384,7.187592222216184
38.650000000000006,59.618716361444065,5.655682797111346
38.7,60.012607969319276,6.853034040817664
38.75000000000001,59.19785036975798,4.88087008556018
38.800000000000004,60.02148846859489,7.072955138244818
38.85,58.0728720826645,5.755208538898776
38.900000000000006,60.62355574791288,4.704796417957405
38.95,61.09101233629305,4.080996272164198
39.00000000000001,57.550044832625964,8.419600420240092
39.050000000000004,59.937923786703024,3.6864148793577107
39.1,58.97255807455624,8.599446384067575
39.150000000000006,60.501710266518806,2.6830356469205965
39.2,58.25709025080848,5.996161047516522
39.25000000000001,58.97323359926957,7.868569483573776
39.300000000000004,57.63087603017049,1.4847748773027005
39.35,60.22061650014678,5.783271733886763
39.400000000000006,58.94210265710424,2.8844032475081667
39.45,58.79373614162581,5.330958736706392
39.50000000000001,60.7479832162567,6.658859633960517
39.550000000000004,60.45738522139804,7.574966403249068
39.6,59.68773507762285,3.7738823776510513
39.650000000000006,60.391050652620166,8.085812161693243
39.7,60.08733405521095,6.757481053280384
39.75000000000001,58.11646118834989,4.232058165145372
39.800000000000004,59.49842366810856,6.204601359759227
39.85,62.42511394398634,9.731159352447374
39.900000000000006,59.3290445994691,3.429779169713932
39.95,58.11488684254525,4.435880326144167
40.00000000000001,60.169958058704495,7.061214445859913
40.050000000000004,58.53655974882856,5.923206910028103
40.1,62.29967497781996,6.328118255236369
40.150000000000006,60.52334327261585,5.5882664164832105
40.2,60.546493786942875,3.3335029838106687
40.25000000000001,58.65202276540419,7.1784151743473155
40.300000000000004,60.56318425065576,7.986791335011809
40.35,58.04501873659615,7.494849391252781
40.400000000000006,58.776684217559165,3.9350773561785894
40.45,57.264486102935514,6.486485565522095
40.50000000000001,59.10359016011997,7.073303730826435
40.550000000000004,59.0442325201854,8.570770460768019
40.6,57.65678385166258,3.7414931187750704
40.650000000000006,57.72907752140071,5.334841111841717
40.7,59.43496131889694,8.88572542661158
40.75000000000001,60.10682279287062,6.481651483474614
40.800000000000004,60.07191337959766,6.320307263269442
40.85,60.06667427073427,5.150706692001843
40.900000000000006,60.06096512278541,7.039810008443661
40.95,58.65547397803814,8.522951457030473
41.00000000000001,59.323047137322426,5.518091212407106
41.050000000000004,58.68264330087849,4.391375520823701
41.1,58.68839833519174,8.090952132880517
41.150000000000006,60.657764135346454,4.02582317961698
41.2,61.412316148312925,7.011013846170767
41.25000000000001,60.610327770808276,6.477408474503618
41.300000000000004,61.123209831204974,6.580463345269803
41.35,59.35661105722246,7.3105831218413595
41.400000000000006,59.29512525887439,6.46660925124161
41.45,59.01217585430052,5.053417883203077
41.50000000000001,58.23904369750648,4.841992624839701
41.550000000000004,59.69914845636505,7.497095862367212
41.6,58.72298524912414,5.9628418253622755
41.650000000000006,61.34569219267908,8.227233718857944
41.7,57.61406947531497,6.262037767944208
41.75000000000001,61.118639557562155,9.036456558582163
41.800000000000004,56.41284847884988,6.484081087139396
41.85,57.69531400609531,6.579997625418964
41.900000000000006,58.53985769434464,5.507195519419691
41.95,62.16338583862561,7.4629847236883915
42.00000000000001,58.163132363887044,4.970620689142762
42.050000000000004,59.52696234307662,6.76580406318928
42.1,58.70078958903551,6.801527434755215
42.150000000000006,57.13414454028282,6.171395695752166
42.2,60.45535735436911,3.896797550986895
42.25000000000001,58.66780019202078,7.740354656487163
42.300000000000004,58.998760408118635,6.335167995711882
42.35,58.0307523603576,4.162622416254667
42.400000000000006,62.41736873234496,4.270412722777271
42.45,57.40445870428431,8.779935562064157
42.50000000000001,59.84560705846544,5.328243389173517
42.550000000000004,58.94975400049956,5.222989850502806
42.6,59.18655499408628,7.13221871191362
42.650000000000006,57.18212348982627,6.37795777856781
42.7,62.39305038778623,5.548419861387102
42.75000000000001,63.713894742733146,5.501826214105931
42.800000000000004,60.442579643312314,4.411825217660076
42.85,58.22693200257104,7.212908693663847
42.900000000000006,59.08042201185501,5.741471336395132
42.95,58.06034873913277,4.385692953174868
43.00000000000001,58.36914696218509,6.436175530737049
43.050000000000004,60.10882019897843,4.6775262687465755
43.1,57.25555434592928,3.46429105806435
43.150000000000006,55.46375992766815,7.553523225077348
43.2,60.22179803122416,6.707508368688723
43.25000000000001,58.95714248606588,6.931547356341293
43.300000000000004,56.94693209529047,9.133024572664553
43.35,60.14109935335452,7.5072254573379205
43.400000000000006,60.841223420951756,10.19763897014394
43.45,60.92581216237272,5.74585316019556
43.50000000000001,60.5524606282864,3.3524629088178006
43.550000000000004,62.13225030727052,5.10654830269596
43.6,57.90694202898838,7.16855106746983
43.650000000000006,60.18074984211219,9.05016380968836
43.7,58.62687870399386,5.338481317623306
43.75000000000001,59.69612421487321,4.955578149922755
43.800000000000004,57.6274374773803,6.057540391823636
43.85,59.83201059434901,8.53624562799513
43.900000000000006,59.085371403856016,7.656845060495166
43.95,60.75657589106627,1.4455972575854856
44.00000000000001,56.516919677468834,6.378505387509386
44.050000000000004,59.85163415170453,6.676292802275358
44.1,58.73285208104901,6.343901434371268
44.150000000000006,58.53282568978156,2.3927362234227143
44.2,58.6741672371566,8.062261008688754
44.25000000000001,59.12521086193007,8.271257791667917
44.300000000000004,60.32885141958445,5.615354623685208
44.35,58.618374572126974,5.242104233326095
44.400000000000006,59.069796931578956,3.4743577271502417
44.45,60.17661238829101,7.055124974510748
44.50000000000001,59.41037173333569,6.668887438332759
44.550000000000004,58.40522481572156,3.330476824628558
44.6,58.196126114203594,5.820620943248661
44.650000000000006,61.932720945019625,5.471451743002027
44.7,62.61908988642442,5.6598524912513515
44.75000000000001,61.85397285308343,3.7079390717479526
44.800000000000004,59.922390348127244,6.088397695127936
44.85,57.11626450927604,7.70634767138203
44.900000000000006,59.8209207000573,5.231849650102532
44.95,56.55206826540208,9.64178218734437
45.00000000000001,57.91127731954266,6.29665289694082
45.050000000000004,59.034050899052325,8.353379639782727
45.1,59.21795867867583,5.921914070672936
45.150000000000006,61.79504773252346,4.877797174406989
45.2,58.871592129256726,5.535098239514005
45.25000000000001,60.3767762372729,6.121824292893899
45.300000000000004,60.194614081709716,6.573656207661306
45.35,58.93188580175909,7.950226622866596
45.400000000000006,61.90176055020804,6.1578159039075056
45.45,57.30702642767319,4.94647977777228
45.50000000000001,59.768629479910224,3.945352484559896
45.550000000000004,58.224363507856864,6.022242504919703
45.6,58.954582387480954,5.192592856395361
45.650000000000006,59.09469827087015,7.390307840966949
45.7,58.773739259989476,6.308077995535089
45.75000000000001,57.08803031037254,5.779258405314679
45.800000000000004,59.75544086861153,7.496916113793782
45.85,59.14928538764867,5.990083851514395
45.900000000000006,59.481609203507496,4.853748712426729
45.95,57.47184720680726,3.8544302308908582
46.00000000000001,56.976152531847674,8.385308962899156
46.050000000000004,55.67685529620865,5.023472545637113
46.1,62.0712729471599,7.469254347626787
46.150000000000006,58.35604603889649,6.956102860396726
46.2,60.380186767768635,7.432113849087104
46.25000000000001,60.00181071959477,6.590600995048632
46.300000000000004,62.754376650347936,5.495425079648587
46.35,57.73551484037586,8.948806896933451
46.400000000000006,60.607406597580024,4.132832535981012
46.45,59.328179524440905,4.905776321579717
46.50000000000001,59.14239035692835,6.6463071127896445
46.550000000000004,60.32275994953011,5.906619166636124
46.6,59.796403065584784,4.962726217932044
46.650000000000006,61.05323039253451,6.786134711490527
46.7,62.33582638643424,4.490096447531662
46.75000000000001,59.38488743256447,5.325434462457289
46.800000000000004,59.02699625299902,9.065557754597371
46.85,60.3446414495218,5.918760110749351
46.900000000000006,60.68785126537129,7.21028293261229
46.95,60.40306566275654,2.915600085174277
47.00000000000001,61.31159136563852,6.599604380951483
47.050000000000004,60.321180779597874,6.235784315238002
47.1,57.607627572881455,6.767623773444209
47.150000000000006,61.207994723806245,5.062699796848695
47.2,58.13611880220317,6.285425880686654
47.25000000000001,58.90603786191063,6.189006014775676
47.300000000000004,59.48720390964856,5.061578566713688
47.35,58.59488366023867,6.114264401578532
47.400000000000006,60.147555553804736,3.9935535471871226
47.45,58.96089383777434,7.723200243348725
47.50000000000001,58.99283589537529,7.000126187443177
47.550000000000004,57.60805040170636,3.5839217199294766
47.6,58.251067242805554,6.305095698684817
47.650000000000006,58.36527475398431,5.697763490907899
47.7,58.72957141147592,6.484789743389628
47.75000000000001,57.09587707006156,6.179554145227072
47.800000000000004,59.25000824256037,7.448464248460144
47.85,57.912473221763825,3.9977841647029573
47.900000000000006,59.340208313085085,0.6318854498815378
47.95,60.80295503959075,4.838953347328156
48.00000000000001,60.587455776403374,6.759697581398244
48.050000000000004,58.26323720110637,6.158689492733315
48.1,57.85301995296627,7.807098540311998
48.150000000000006,56.573598684406655,2.800585902630491
48.2,59.402879861240216,6.026207788689015
48.25000000000001,57.96632164460375,4.096825018008863
48.300000000000004,60.16652963921497,5.7568038210671055
48.35,58.449183775578575,5.998826236352943
48.400000000000006,60.21001776922294,8.929211315813939
48.45,59.05057613717382,6.362310674601792
48.50000000000001,60.02676497354521,6.256530451924783
48.550000000000004,56.97512515732456,4.121729104592453
48.6,59.21958303524543,2.5312725153137103
48.650000000000006,63.335607055549396,6.002094817345414
48.7,59.617097836956134,5.416509434623213
48.75000000000001,59.27180189489562,6.030086482823292
48.800000000000004,60.248381504391446,4.788532957600459
48.85,58.27843986264609,3.303068883002354
48.900000000000006,58.980306360396455,7.933765986166597
48.95,58.903500589235726,4.948849182707274
49.00000000000001,60.484037369110354,8.782379560353597
49.050000000000004,59.77623735872829,7.220369203486207
49.1,58.61461225796287,7.46478360048866
49.150000000000006,58.711634095745225,6.960781013539744
49.2,56.55357122888266,7.11571062983438
49.25000000000001,58.830026718310265,4.352690724438106
49.300000000000004,58.506720318064325,3.3320437529940685
49.35,59.94427823444219,5.698759887417826
49.400000000000006,58.52476658203131,4.15071333403647
49.45,59.874256774402966,5.398505286939595
49.50000000000001,58.36646141106319,8.120944251363124
49.550000000000004,58.78679704338304,4.931357681873342
49.6,60.83266139228536,5.522001951361379
49.650000000000006,58.26941253742038,5.798204731154773
49.7,60.481429127386555,5.69425937768606
49.75000000000001,59.16156166040334,7.393740982592249
49.800000000000004,59.21652973390179,7.844105789786784
49.85,58.79874275372359,8.432696113733552
49.900000000000006,62.04121588520448,7.0475046229112515
49.95,58.58362176486948,5.826278464665713
50.00000000000001,59.54530328447826,7.4789720742986345
50.050000000000004,57.92317835311129,6.695529960711107
50.1,56.904015817240946,6.267371387888801
50.150000000000006,56.87797344837887,3.2052922462274873
50.2,60.96244090169202,7.15758061171438
50.25000000000001,60.65874731271167,4.677286709929319
50.300000000000004,58.381151890892035,5.786049927348397
50.35,61.84138470326077,6.861102877575684
50.400000000000006,59.21298556426024,5.3637579006012706
50.45,58.87698107148404,10.670751972786931
50.50000000000001,57.47685133034823,4.903506098288172
50.550000000000004,57.26078408816627,5.421089459763303
50.6,62.61906835852956,7.361357847858608
50.650000000000006,59.209240174128674,5.38991502145533
50.7,60.56003471028899,2.947146014677985
50.75000000000001,61.76609338983753,4.429296903582982
50.800000000000004,57.05108559751039,4.755390870395951
50.85,61.09788914702549,6.758017026925618
50.900000000000006,60.47247520368812,4.928980133328265
50.95,59.67107768873222,4.634180263683238
51.00000000000001,61.317047673242485,4.74371461251016
51.050000000000004,59.21293275770896,7.052249378240415
51.1,61.33404429488177,3.871031481999391
51.150000000000006,57.520755030805546,7.062054768647951
51.2,58.21428844370631,5.715869747017995
51.25000000000001,60.261610293439126,5.984051740358049
51.300000000000004,58.11410782866615,6.566123901971592
51.35,60.845738592997314,6.357467885161654
51.400000000000006,61.934534546941364,4.602058545755521
51.45,60.155896139438624,7.194782120399255
51.50000000000001,57.519618884404544,5.630102454604241
51.550000000000004,59.24891878392393,8.418181372641687
51.6,59.82983463160343,8.412623021036696
51.650000000000006,59.186631223834695,8.645114375703164
51.7,58.87269449966337,7.064874909213089
51.75000000000001,60.26829541603358,6.432793697519067
51.800000000000004,59.9516712807787,6.775967487470445
51.85,58.803727151534645,7.242264051999481
51.900000000000006,60.970996087746805,8.529558781070405
51.95,61.650017057932715,6.470125387864852
52.00000000000001,57.94400150840398,7.392632989749634
52.050000000000004,57.72339226950028,8.185049716365704
52.1,60.64351722301524,5.685051182744572
52.150000000000006,57.887894943689794,7.711901670540153
52.2,58.775290954312865,7.768941973441051
52.25000000000001,58.50467952330655,6.998566015165209
52.300000000000004,57.85934267597995,6.090236018347625
52.35,59.77962456244312,7.2722610458903585
52.400000000000006,61.956567577366954,5.348665566425301
52.45,59.86076370173838,5.245166363354593
52.50000000000001,59.26428995468371,3.5866060066569165
52.550000000000004,61.341668827793235,7.042273803301683
52.6,59.92703264817488,6.504125001328965
52.650000000000006,59.503341176520124,6.948827988492194
52.7,61.32375072522639,6.818396188808556
52.75000000000001,58.87865710186247,5.622991940789683
52.800000000000004,58.90419210291637,5.77570719214801
52.85,59.45551911089008,5.79784361534424
52.900000000000006,59.861440627358185,7.058202972325869
52.95,60.609174397467264,5.414191721936998
53.00000000000001,60.011690425867826,5.9728764318535745
53.050000000000004,59.33369071402735,5.3813882156102535
53.1,58.69527723254494,6.65343396089235
53.150000000000006,59.30172803194704,5.3989083596491
53.2,58.588478010612086,4.684126595078243
53.25000000000001,58.760796071925256,4.1221574694639305
53.300000000000004,59.07124198975026,5.9467129469056355
53.35,58.46763721762258,2.8687388742327684
53.400000000000006,58.02261134629528,4.7217322627989855
53.45,61.31056715052332,3.9085989870282423
53.50000000000001,58.66360931461637,6.2709784426683255
53.550000000000004,58.85809887514331,6.741038378124732
53.6,56.03661422468339,5.9860723635732
53.650000000000006,58.05727706919813,7.11739809527712
53.7,62.527852171756294,6.224644692482164
53.75000000000001,60.274665212675416,7.497277596803849
53.800000000000004,57.57982387313519,5.430129978293278
53.85,59.63229194221481,5.794261163283689
53.900000000000006,58.604071373473474,4.327914199677238
53.95,60.7743608147986,5.516356647409135
54.00000000000001,60.35043246132227,7.613846683814765
54.050000000000004,58.23426722108493,6.414464331573873
54.1,57.03416003487999,3.561170904402467
54.150000000000006,61.708833981596435,5.471247599383968
54.2,57.545746813193105,5.768965830387183
54.25000000000001,62.66747415791762,5.914746072548394
54.300000000000004,59.47270731594453,7.5508291325669195
54.35,60.30006955620532,4.295979898659114
54.400000000000006,61.765262777180105,6.250663483404829
