s,lift,drag
0.1,26.205294467318993,7.392964151625261
0.15000000000000002,26.85043453563653,3.7248970860410884
0.2,24.19612167500127,6.2955434502404
0.25,25.48268380828549,3.262269750735385
0.30000000000000004,26.62635370737027,3.986240317761724
0.35,25.80565162923957,4.361120233153439
0.4,25.98139765939148,6.319517330074415
0.45000000000000007,28.18659374432594,6.660713340971558
0.5,28.884710533910983,5.330102229983715
0.55,27.059442392956313,4.7902856690407205
0.6,28.011888594963196,5.214196730769104
0.65,27.100584053148015,6.384294224349108
0.7000000000000001,24.910094493834865,4.852253483870164
0.75,27.24865412163073,5.199231362288839
0.8,24.738333063516496,6.063578883284011
0.85,26.599084831067508,6.174928809071407
0.9,24.28263948377285,5.112300646386334
0.9500000000000001,26.035329099010276,6.4925180245003284
1,25.912916560970285,5.027458782860185
1.05,27.707997461617257,3.842189577635597
1.1,24.960543962957345,5.419308299479692
1.1500000000000001,25.886051961645716,7.615486905892054
1.2000000000000002,23.760312872468912,4.918057941071607
1.2500000000000002,27.778732059921843,8.555347669430187
1.3000000000000003,24.22030284527628,4.1740974831966735
1.35,25.792533237948287,5.428375284895868
1.4000000000000001,24.344810969173118,5.7197454935729635
1.4500000000000002,25.89791111646364,6.966870521954238
1.5000000000000002,29.12563664207097,4.124050942631877
1.5500000000000003,28.19702693341006,5.222785074191317
1.6,25.733021724992852,4.777532733318765
1.6500000000000001,26.05249354202043,5.459105854224103
1.7000000000000002,29.07129688162528,7.348644715473
1.7500000000000002,27.811491257406423,8.36528177304347
1.8000000000000003,25.902891828359703,2.9817761541629446
1.85,25.833700232656906,2.6948260154600363
1.9000000000000001,26.243594731437604,6.156660035692572
1.9500000000000002,26.314063379185654,4.345471683564655
2,27.198153136662533,6.648484392147035
2.0500000000000003,25.96869361076525,4.842938096586006
2.1,26.409506892865565,6.06497413267778
2.1500000000000004,27.135686518078565,5.342989351769646
2.2,26.049468645564374,5.575962649956424
2.25,27.13524296297573,4.935388934348898
2.3000000000000003,24.294284670688814,5.49747443155386
2.35,28.297719013474136,5.5639958624484604
2.4000000000000004,23.45029160261009,4.793349635217384
2.45,26.362882760654568,8.726971691499465
2.5000000000000004,27.742195506992598,2.9029167945082657
2.5500000000000003,24.662696875991646,7.323390819016039
2.6,25.58946647557595,6.410751442363251
2.6500000000000004,27.082095028174166,4.954499988528367
2.7,24.338783914275183,8.702090959147391
2.7500000000000004,26.50903621735451,9.348814417572115
2.8000000000000003,27.333604476397937,4.79693093692979
2.85,28.26929052633925,5.661936853453133
2.9000000000000004,29.570990318577156,3.3640452910190337
2.95,25.43986261063362,3.7856734263637346
3.0000000000000004,27.152877531728024,8.762549165825124
3.0500000000000003,25.492031180977456,7.658698695109553
3.1,25.98234728245844,7.411795466005054
3.1500000000000004,27.33879455033793,7.267373689296077
3.2,29.01738384859506,5.2841134018449605
3.2500000000000004,25.70104842521889,3.032363915775435
3.3000000000000003,27.192292886072423,4.191471026174918
3.35,25.340085164879543,5.629126219897124
3.4000000000000004,27.69357562569082,3.7941640047022545
3.45,24.629950004578873,5.80625892123825
3.5000000000000004,26.562988629116997,9.359570996640162
3.5500000000000003,28.8692126316087,5.663647590484977
3.6,26.307030406153466,5.49128227229747
3.6500000000000004,24.360827259499114,4.259692121498853
3.7,28.941180405898855,6.4287950758469385
3.7500000000000004,28.721166016988775,2.735919078587341
3.8000000000000003,26.46320095126825,4.228723646896099
3.85,29.560069422821947,4.587383477927026
3.9000000000000004,27.887036974143953,6.207943716235276
3.95,25.737712713295554,4.713704829976149
4,26.814523678206143,2.7730474566543335
4.05,27.8646934870183,4.974216078510002
4.1,26.85457665127774,7.724745627497543
4.1499999999999995,27.11222096215602,5.352586421958251
4.2,25.34263287449156,7.4780138817165245
4.25,27.683387762972114,5.421284982238162
4.3,26.978826651472666,6.804343077792611
4.35,26.50145670558232,7.007987754498307
4.3999999999999995,25.2424993078928,4.388646592638169
4.45,24.844890097682235,6.079399025383077
4.5,26.086484358207155,5.305071168427609
4.55,25.813053425122604,3.766978574781762
4.6,25.968760546214764,4.528869252809026
4.6499999999999995,24.028864210264583,6.8380371897928445
4.7,24.28947955593628,3.5510304967136763
4.75,26.6864137306813,6.084502638669864
4.8,26.744096388657283,6.393344901472284
4.85,24.889921961940274,5.073665774142117
4.9,25.580731599201023,7.261841090883962
4.95,27.23692854681246,6.4611599476903265
5,26.559758714152196,4.834815762902663
5.05,26.760710821149775,2.958889422986178
5.1,28.48593323389396,5.159381581924486
5.15,28.249472472109094,3.262568185357294
5.2,25.83014931480545,6.127183751288973
5.25,27.74174528525045,5.932831532656465
5.3,29.071319265072493,5.33745181876875
5.35,26.869042755146687,4.825954652439123
5.4,25.298070246533115,5.402190967040733
5.45,26.952540010223306,5.337682533237858
5.5,26.06342496477723,5.821800796347587
5.55,25.58267370379577,4.116164869513523
5.6,27.542705393815876,6.023390913593398
5.65,25.767034565602355,4.943712398693415
5.7,26.496591893908278,7.179905510620806
5.75,27.169853434254108,5.8493715619350155
5.8,27.35546201300155,1.6785310008112067
5.85,25.99204392421852,6.015377715690547
5.9,25.529748958396407,3.2948412163185807
5.95,28.942656333005335,5.416047333966307
6,26.892221842424735,5.916419611768942
6.05,24.64070141362624,5.687557475504618
6.1,26.112041213568723,6.144988053219272
6.15,27.414809959406266,5.06258957968591
6.2,25.132950587449937,3.9384748630144797
6.25,30.000164646993554,8.313182278641206
6.3,27.922776963824496,2.7404866708920235
6.35,23.079569424269174,5.049616610987169
6.4,25.327193340409575,5.160885388724237
6.45,24.57634908835383,5.473273229845088
6.5,26.16771466464429,4.803457257024524
6.55,27.27066729453083,5.0663682235131615
6.6,26.737811415506705,5.909725493691023
6.65,27.40992034046729,5.06521460301439
6.7,27.910227100612776,3.91538484565026
6.75,26.291737341753947,6.2253173610140955
6.8,28.117999132647153,4.824142338569497
6.85,27.794705648119272,5.292438297777747
6.9,27.103199699619672,5.390488532674863
6.95,27.003922850996368,6.089386753957744
7,29.1520019977285,7.732144380511588
7.05,28.921008995198335,7.279421309448049
7.1,25.356640338912005,6.3540241115094815
7.15,28.79456952328828,5.864486990444078
7.2,28.282754199144758,3.801697188429235
7.25,25.242862598646653,3.2702620693554714
7.3,26.566971183771557,3.549420332893198
7.35,27.78830150313051,5.412792107197037
7.4,28.986142191821003,3.9484575274787703
7.45,27.222512828764994,5.838785552881954
7.5,25.81772290895024,5.282712862344519
7.55,26.086080946682408,3.6660492774831135
7.6,26.948356439296536,2.8745455842271515
7.65,26.762249619909444,6.612542159830312
7.7,26.88032309394529,6.623423958809628
7.75,30.54068255183505,5.635205132059213
7.8,27.181380473215057,7.012435829870956
7.85,28.387760584939752,3.880534629950151
7.9,27.346502909681764,5.549600029872717
7.95,26.591185780721364,5.938385716364727
8,26.7830287190318,6.039721971219657
8.05,25.227734330659274,4.200432412988383
8.1,31.653972841858856,8.042467989650572
8.15,24.920279528922194,5.767843762213649
8.2,29.71192071983309,4.6241411266972525
8.25,27.132073923002206,3.8622314019987884
8.3,26.945741444886945,2.8756462632348896
8.35,26.04925405676791,9.723983712083907
8.4,26.587390604338207,6.97013618179929
8.45,25.51310137260097,3.9995351297201456
8.5,27.098331503691313,3.035419276878691
8.55,27.272790118074653,6.35320607327509
8.6,25.91459416843988,6.128275821387386
8.65,25.142015432554576,5.051917911886519
8.7,26.021758834543853,3.1420032125512782
8.75,28.154055328600446,3.4004843586360556
8.8,28.15092979928427,3.701516627697722
8.85,23.32295040437002,6.180620878985362
8.9,27.819187111280996,8.046667837844485
8.95,28.35736234875556,4.910840194221785
9,27.451467564691875,7.352275847799687
9.05,26.48388177184764,2.8578569918002925
9.1,27.91168981226553,5.888933274610331
9.15,26.7587370845016,6.9605642546594355
9.2,26.515794826297025,5.434262805817381
9.25,24.870108162439,6.185166811579712
9.3,26.65906371771344,3.823704592272549
9.35,26.105074814319128,4.947253444575512
9.4,28.80493813402383,3.7425660937627754
9.45,27.21403875042825,4.25874601313449
9.5,25.667011466851744,3.4157751803830263
9.55,26.473845100729516,3.6669841404248453
9.6,29.14558875768208,4.208030247915342
9.65,28.101176385378537,3.650450783801305
9.700000000000001,25.629458436149335,7.919902589653907
9.75,27.139164401581382,4.409687145083131
9.8,24.604276700106013,5.015498715118997
9.85,28.145310845932684,3.94442036689395
9.9,28.957092877567014,4.06509113497062
9.950000000000001,27.328581670244134,4.51902646615159
10,24.437246200344934,5.406907477670042
10.05,25.68901499440486,6.141856877060342
10.1,26.391743880621853,7.612951573435224
10.15,28.29333073040002,8.345534856937874
10.200000000000001,28.258572110835996,4.591518424505904
10.25,26.21545125803814,3.479117357853787
10.3,26.535179124980893,7.0925565196133595
10.35,26.805796053372788,3.1951475871641257
10.4,26.7141627780797,3.643865402971615
10.450000000000001,27.4718363843803,4.156572595568555
10.5,28.80874156260968,6.309950644625674
10.55,26.31573786198295,6.326401512716517
10.6,28.062064061206787,5.256613287405361
10.65,25.4002802678127,8.856317428894013
10.700000000000001,28.1133163997507,5.105670937342759
10.75,29.906608123501165,1.9122990337725958
10.8,25.420650002482883,4.409781047510086
10.85,22.88377020209506,4.1258943215511
10.9,29.797652798890557,5.68554943010603
10.950000000000001,27.28165809200756,4.958612519707385
11,26.552901553849363,4.350124289267975
11.05,23.814412585716568,5.119623367011857
11.1,26.600026034817247,4.615777817753851
11.15,22.952925109739514,4.3876610047552855
11.200000000000001,23.539527347746418,6.963462861777497
11.25,23.143677734192288,6.317006399730919
11.3,28.66109303928681,7.4078819852754005
11.35,24.965293234667325,7.211945697867666
11.4,28.404032356331175,6.719765323935907
11.450000000000001,24.460295333263907,5.009004721417916
11.5,28.78216445046549,6.027974811793358
11.55,26.352243456327344,1.852683944645828
11.6,25.408877518075343,5.88954492670792
11.65,27.56652907437407,4.1110247526922175
11.700000000000001,26.093212472524677,6.347306759070967
11.75,30.113921699868282,4.871571231762223
11.8,28.22069927080027,5.157443975784454
11.85,25.89931011106194,5.234797191664168
11.9,23.965860210695173,3.1081380030327477
11.950000000000001,26.18064007614145,5.470454127582223
12,27.933031957616098,2.427032966510195
12.05,26.741347409554578,3.330775012320127
12.1,23.46375045458649,6.233380173130036
12.15,29.153193997360503,6.345812570631747
12.200000000000001,26.53638181227732,8.023779533463161
12.25,26.431957602806033,10.064236067010535
12.3,27.261822914317783,4.500797359830277
12.35,25.43657533039803,6.918980231075152
12.4,25.921530500440944,7.806161855584244
12.450000000000001,25.499361476074814,2.412602841138517
12.5,26.117509385196552,5.973792063968549
12.55,28.104989562706034,5.568839825312985
12.6,27.34149923118157,3.0835664998383923
12.65,26.548291803737268,4.482376639958024
12.700000000000001,27.050155921822142,2.0177155032550886
12.75,27.004900823429345,9.127272772037756
12.8,25.51170418804878,6.148812769673348
12.85,30.158449619180875,6.962645869633821
12.9,27.340944353819964,5.078602856963657
12.950000000000001,25.204883186080032,2.744698498330204
13,26.521194216436992,4.491669859220273
13.05,26.205631746887608,3.522023871703112
13.1,27.233038170319116,7.120680767460431
13.15,26.951315058846966,4.442001168009282
13.200000000000001,26.63190016961547,5.06843860469215
13.25,26.474806437454333,5.895820217411622
13.3,28.732000804967868,5.60821236864031
13.35,27.59649310268563,6.840088379939209
13.4,28.014263159308605,5.302835494920337
13.450000000000001,26.51366714494185,6.198849699410331
13.5,25.155155633517392,6.096219638293364
13.55,26.232632748108305,7.8489783763006535
13.6,25.511693080580287,5.32190306825136
13.65,28.00553717724761,6.887791706598748
13.700000000000001,25.15990324197103,4.097323572591095
13.75,27.536528544597413,5.041942170823596
13.8,26.9546613835735,6.601275030432706
13.85,26.950944124021145,6.945496891611567
13.9,25.52846235853056,3.2008952400345545
13.950000000000001,26.176883387090076,7.055744068265094
14,27.257604884864385,8.113155531761446
14.05,26.070235105188594,8.461721570447391
14.1,26.582450729921813,3.5410988066188
14.15,24.209984441621188,7.811050026220391
14.200000000000001,27.22774479986196,3.5493781362187975
14.25,27.054268219271755,4.14650472349391
14.3,23.225514890022914,8.108661457192616
14.35,26.132451780784045,6.1771045210148845
14.4,27.7537667332589,5.064391522164136
14.450000000000001,26.663649210917836,6.149495713586134
14.5,25.659288346595233,3.071576255772646
14.55,28.271763307955418,7.653163692528511
14.6,25.390597824838043,5.642476572351452
14.65,26.733478370558842,4.979571343250829
14.700000000000001,29.318835271792675,4.475110276908462
14.75,27.9189569880059,5.172164488839347
14.8,25.766588746492335,1.5988324418126894
14.85,27.53800250851933,5.945782597042236
14.9,24.474726064632613,5.746098362178271
14.950000000000001,25.99416212392707,6.5602792145146385
15,26.028471382896264,5.7671878979430025
15.05,28.09360402142199,4.838697439502863
15.1,25.058394854092814,5.572553984284256
15.15,26.105337316544187,2.9993443210455526
15.200000000000001,28.44613049329741,5.459553144183207
15.25,25.248757705245126,7.216383366950281
15.3,27.936839859026055,3.470637939296728
15.35,26.165262540866543,5.838549085869636
15.4,28.74318439718645,2.9889237657359007
15.450000000000001,25.38757194535361,4.3370299034777515
15.5,24.98969376264363,6.135749824832507
15.55,25.7825603354232,4.095416998194695
15.6,28.083527697151332,3.7873230148164057
15.65,27.51892879894311,4.2297849728261925
15.700000000000001,25.879546667856548,5.712266234469035
15.75,27.133349860549995,2.855695543163928
15.8,26.47101952680094,6.085425422951778
15.85,29.015475729753557,3.824869530520255
15.9,26.34453150563303,3.9173296680198626
15.950000000000001,29.869181592806623,8.802245848079291
16,25.89303047568684,5.375821557096985
16.05,28.776247452158724,3.1955802603338412
16.1,26.207371457787787,3.068795392545971
16.150000000000002,26.39066258564474,5.117056124876033
16.200000000000003,28.835430881009227,6.290968458804749
16.250000000000004,27.64559969781114,7.350389123782968
16.3,26.518741586929256,5.595700459533632
16.35,25.754752794264217,5.925611287397833
16.400000000000002,27.853188442628518,7.7354491998262835
16.450000000000003,27.75305588603779,6.2736656152577845
16.500000000000004,25.91971674378665,5.533504675269278
16.55,23.174636731551573,4.785400580431681
16.6,28.440554786922508,7.3027402045209495
16.650000000000002,25.487512531625534,5.05327530420467
16.700000000000003,25.736694115168003,5.907261306397169
16.750000000000004,24.959298310457676,4.707226691892069
16.8,28.367357526576342,5.504363520365427
16.85,26.88600247731769,4.875018208998096
16.900000000000002,25.00136417324119,2.7277283338628022
16.950000000000003,28.50338210294035,4.3187033970042545
17.000000000000004,25.991230747361648,6.099293929126771
17.05,26.35802339566789,6.627154783949797
17.1,28.71636311093767,6.151808577565385
17.150000000000002,25.034209779716157,5.4915024958214875
17.200000000000003,27.772165444665507,4.480416808594139
17.250000000000004,27.89818817979445,4.7488678992924305
17.3,26.68639019884042,4.361742164977705
17.35,28.208652865725348,5.6588264459036255
17.400000000000002,27.71139896032879,4.231455661202885
17.450000000000003,25.405616327652908,4.532923599669399
17.500000000000004,24.899647193817994,5.460499194530123
17.55,25.399692370764846,5.296268198385723
17.6,25.817920955998762,6.293941466718579
17.650000000000002,25.954177166001152,5.440917544637926
17.700000000000003,27.666498546620574,6.097260983336686
17.750000000000004,28.14119458650779,7.453008478649089
17.8,27.75506949195901,6.190912474534033
17.85,27.821122940393,3.8912847283985705
17.900000000000002,28.743066610035097,6.6792039901887135
17.950000000000003,26.937150813363118,4.3694269255444596
18.000000000000004,29.81983001816202,4.990921660927492
18.05,25.42078773744112,5.256605505297462
18.1,26.46956191351193,3.987928979753762
18.150000000000002,24.48786432169927,5.73235196705486
18.200000000000003,26.037066284708065,5.729844199557446
18.250000000000004,27.952435406800966,5.639055588331071
18.3,28.395246201411222,4.64150070569146
18.35,26.20189913996263,6.194841215950625
18.400000000000002,26.618994764417337,3.2553136290837443
18.450000000000003,28.579548251399885,2.378884676741568
18.500000000000004,27.233523329207042,2.2680747733229714
18.55,26.515850385821185,5.5935184891466045
18.6,28.22685758014897,5.989694690348809
18.650000000000002,26.48635364563834,4.705233805123063
18.700000000000003,26.103284972886655,6.566206738409927
18.750000000000004,27.209309326666133,5.843666017744677
18.8,26.40944734061319,3.341811410077944
18.85,24.23148330837828,4.627544283786948
18.900000000000002,26.351049662748014,4.627843649362986
18.950000000000003,25.470604761660173,6.871372293182995
19.000000000000004,30.055853474450302,2.745269948831154
19.05,24.31500449088322,7.449822506158251
19.1,25.99375742907957,2.0062204460267212
19.150000000000002,23.722748353341522,2.462459561353874
19.200000000000003,27.2340260610163,5.944430820516822
19.250000000000004,28.157917388871038,7.418456452488399
19.300000000000004,25.37449479056998,5.658841761881704
19.35,26.234703682666854,6.284146323118153
19.400000000000002,27.48158521488149,6.562230378589046
19.450000000000003,26.134068031596247,3.6473113065937777
19.500000000000004,26.757563075226088,5.994386051230604
19.550000000000004,25.48967179072987,6.5527568059059975
19.6,28.640637790410892,4.987513252855303
19.650000000000002,25.751677562459626,5.987496772984485
19.700000000000003,26.600783111139762,3.958299430734489
19.750000000000004,27.88227454589553,4.777908678994544
19.800000000000004,27.10599446373244,7.462593285253704
19.85,26.479964946815954,4.471544080495853
19.900000000000002,28.752641912297694,6.122952174353931
19.950000000000003,26.370327271596967,6.5795270573651905
20.000000000000004,27.615916466546658,5.230366523687488
20.050000000000004,27.822734912113965,6.069406843593506
20.1,26.201089778099654,2.7630038008630886
20.150000000000002,29.468626850524874,5.937442110134693
20.200000000000003,24.508054558221005,4.3705582366357865
20.250000000000004,27.10216677668808,6.574750888479874
20.300000000000004,25.92501421779791,5.624114625225139
20.35,28.011356612334218,3.9959473876051206
20.400000000000002,26.650632614358543,3.891857961789508
20.450000000000003,27.210780313068746,3.893813429804485
20.500000000000004,25.567388792405314,1.3339375756172633
20.550000000000004,26.839832667390805,4.691362371870358
20.6,27.553368444453326,7.0523498757225855
20.650000000000002,25.702208985932,2.7026682761942515
20.700000000000003,26.359609296356567,4.174432200598008
20.750000000000004,24.978879872943224,3.6576923610869114
20.800000000000004,28.29629806915889,7.850479913685945
20.85,24.922297602162086,3.8467852303058807
20.900000000000002,28.811647928236404,4.266359201447164
20.950000000000003,26.18098425138274,7.819045658369955
21.000000000000004,26.936183864958732,7.04895135879113
21.050000000000004,25.160070288522427,4.789150683743989
21.1,28.657902600786908,5.731110096765666
21.150000000000002,27.379027384549577,4.061362925399168
21.200000000000003,25.31482828271679,7.044984193515811
21.250000000000004,29.933956473128553,5.455844943597475
21.300000000000004,25.57386035072397,8.322214719130791
21.35,25.961944929287398,5.159422557960836
21.400000000000002,28.81091108678197,4.533528689608316
21.450000000000003,23.07348156746624,6.861772712179307
21.500000000000004,26.540127312039385,5.843494959413033
21.550000000000004,26.540901097145998,4.603722363870613
21.6,25.137407805605804,7.152471151459336
21.650000000000002,25.462494292960418,9.189106522591818
21.700000000000003,27.584090165593686,6.282507631453111
21.750000000000004,26.209045198918755,3.8413716103185207
21.800000000000004,25.759443608583126,2.4083096784352316
21.85,25.88499851553202,3.7959508763538805
21.900000000000002,23.991452410843586,6.24277348144474
21.950000000000003,25.879091136612388,6.085516504685143
22.000000000000004,28.77596935504041,5.600775888202602
22.050000000000004,28.90824269637936,5.970102068542654
22.1,25.633553764053516,6.414768139118812
22.150000000000002,26.299361700971815,3.400683382319257
22.200000000000003,26.50513872125208,5.1069120008777755
22.250000000000004,28.537974810716122,4.470202880651541
22.300000000000004,27.842308295278276,2.8335471827552596
22.35,26.22809394300358,5.5895570127290455
22.400000000000002,26.492375423617368,4.818374464969141
22.450000000000003,25.390020351953087,6.200075888521565
22.500000000000004,23.963647090849033,5.941910934419797
22.550000000000004,27.695988539787535,7.326402585730935
22.6,25.96305559647326,6.971927256712525
22.650000000000002,27.23421897076223,7.384107058019471
22.700000000000003,24.726927313880438,4.069478836325917
22.750000000000004,28.096738109091923,5.9134485144098035
22.800000000000004,28.06486006652015,3.423723110119655
22.85,24.875913026429778,5.4528265370716396
22.900000000000002,28.337451776008795,5.0915418992183
22.950000000000003,26.780321364487307,1.493478191071719
23.000000000000004,27.688083689056665,6.5797461994666016
23.050000000000004,26.88974264004579,4.211508673444269
23.1,26.8715813581177,6.279915304632132
23.150000000000002,28.703296636723785,7.046231041558617
23.200000000000003,26.94180877490466,4.674197876354153
23.250000000000004,25.900023355158726,6.55100580540434
23.300000000000004,26.689158227591946,5.411791900450382
23.35,26.262188683748114,4.946150954136829
23.400000000000002,28.046738211415374,5.788216522948883
23.450000000000003,27.459890387075692,9.825761997913302
23.500000000000004,26.200888590614976,2.59801163231299
23.550000000000004,26.60892905855697,6.712957895179338
23.6,26.57431151039331,4.046230228444545
23.650000000000002,31.276984141360096,6.101005569863566
23.700000000000003,27.151579112237215,3.604512261897201
23.750000000000004,26.427240677004434,4.029556989614115
23.800000000000004,25.244043826074055,2.9772817122814113
23.85,25.48430840410708,6.2548441849028595
23.900000000000002,29.878061282953983,6.090823632748685
23.950000000000003,26.137929188039415,1.475362178032598
24.000000000000004,27.183887990714037,4.910276487992441
24.050000000000004,26.51041205026959,6.5911391921015685
24.1,26.02346289160535,5.608727384108725
24.150000000000002,26.337975162610125,7.894685056087346
24.200000000000003,25.672062046984923,6.862821894611328
24.250000000000004,27.39889950842316,6.181871965468973
24.300000000000004,26.118245973734275,5.840944898510418
24.35,25.144101727630428,4.8519721469099615
24.400000000000002,24.452225016143316,3.259791799998677
24.450000000000003,27.524388157280328,6.428269281131517
24.500000000000004,25.288569534844974,4.6236062478064675
24.550000000000004,28.531661294089563,8.081006097739914
24.6,25.069567639934156,4.767995110451176
24.650000000000002,26.67050543629354,2.9231609772780125
24.700000000000003,25.132193681908188,7.161156203688288
24.750000000000004,27.823863334152644,4.253543114630945
24.800000000000004,24.257893386969766,3.9967050098750523
24.85,25.865837599452078,3.685023526342164
24.900000000000002,25.948189962870913,5.743356756290888
24.950000000000003,25.71598598519938,3.1895060564926685
25.000000000000004,26.39483473341564,6.031414431466904
25.050000000000004,27.52365212167158,2.4860872674065027
25.1,25.209088296069595,2.8096544604412834
25.150000000000002,27.017453132780197,1.9295537688421174
25.200000000000003,26.345649780468772,5.40944792974297
25.250000000000004,27.981916053295166,3.465730575744565
25.300000000000004,25.06161580187081,7.556938351823786
25.35,27.175404729184198,5.52284373138868
25.400000000000002,24.679170418401586,5.490365758278452
25.450000000000003,23.889979125106322,6.279934732172736
25.500000000000004,26.48989941011946,4.719154002020247
25.550000000000004,26.71005572700039,6.345904820058783
25.6,27.711674382660977,4.605829451369714
25.650000000000002,25.7881952211732,4.630707224379675
25.700000000000003,28.330580951038627,5.241849926176499
25.750000000000004,28.415064666158933,3.8842435389364676
25.800000000000004,26.053123734871633,3.819657909527153
25.85,26.327432808783428,6.335472710184598
25.900000000000002,27.00720501152039,3.447951472317255
25.950000000000003,25.88130903678056,4.256331665323211
26.000000000000004,27.25265558554336,4.213595681236648
26.050000000000004,24.30886305393025,5.082916985719867
26.1,29.417365846603143,8.889377029079196
26.150000000000002,26.01651683521771,5.6203692637137515
26.200000000000003,27.096874266654073,6.43659855104784
26.250000000000004,29.17354661573167,4.566705868310342
26.300000000000004,28.224638553857908,7.997673236658161
26.35,26.16744750612114,6.844875495952783
26.400000000000002,25.022185189865105,4.015268550188161
26.450000000000003,27.110110271667626,6.6233869784005055
26.500000000000004,28.12107591470717,6.855705839839834
26.550000000000004,30.26708836948301,7.714516951057586
26.6,25.796954365173935,5.7622559794695665
26.650000000000002,29.593029893773366,4.432770271253537
26.700000000000003,28.510459386403205,5.1690510336675
26.750000000000004,27.784436477038266,7.52687722541271
26.800000000000004,27.407546165845424,4.895834643600195
26.85,26.443817986822843,5.9237006702147355
26.900000000000002,27.7413973684149,7.180595529343406
26.950000000000003,22.82960183199713,4.419561136377691
27.000000000000004,26.74295967295906,3.179049472533288
27.050000000000004,27.787287647231608,4.399123680750238
27.1,29.095731693718793,3.9906714945339763
27.150000000000002,25.495888966928803,5.170521189208029
27.200000000000003,27.629103906821392,3.7117998293169534
27.250000000000004,28.30138392971089,2.4610494620053203
27.300000000000004,26.81463552547452,7.184565449516293
27.35,23.883251360082763,6.415668552504601
27.400000000000002,28.525830604877903,5.1965400454374695
27.450000000000003,26.41469337119088,7.330054290541259
27.500000000000004,28.681648179672965,5.553753866781216
27.550000000000004,26.18893890671007,5.099878095528053
27.6,29.142577092615767,3.7750795974346065
27.650000000000002,27.656132082351622,9.286118144799474
27.700000000000003,25.05347352992286,3.343696289114013
27.750000000000004,25.65494767297204,5.498481587048865
27.800000000000004,28.89009955879569,3.051738140718251
27.85,26.6415019271755,4.329407430960534
27.900000000000002,26.43685834748874,8.325977110426667
27.950000000000003,29.32888004796298,4.102193319369196
28.000000000000004,26.51324562679684,5.630643850721147
28.050000000000004,24.10504670386468,3.064764523332035
28.1,23.413894230719244,5.378389217268834
28.150000000000002,29.906208958967134,8.989306677305452
28.200000000000003,28.74608765564686,4.125698993024161
28.250000000000004,24.96751836738881,7.426038630940742
28.300000000000004,25.541476911262794,8.081221567562002
28.35,25.009715051275986,5.471170391329257
28.400000000000002,24.410813788700697,2.98813678862968
28.450000000000003,26.051220174351702,5.141373103668252
28.500000000000004,26.22024515464162,5.944136087553869
28.550000000000004,25.55967536161197,4.438097927998102
28.6,27.68813785812867,3.573052608146982
28.650000000000002,28.301346791940347,8.15460446390491
28.700000000000003,28.6388082547483,3.774289278146092
28.750000000000004,22.373174509185418,6.70927106413785
28.800000000000004,25.85551235294904,2.2781150911955668
28.85,25.614838543638196,2.7415768639132874
28.900000000000002,28.711591346831764,5.13233224398135
28.950000000000003,24.93770957835438,4.287506246170185
29.000000000000004,28.41865210815464,3.6174690323677785
29.050000000000004,26.6411962265193,4.596524828543622
29.1,25.57992559853151,4.7660563259431985
29.150000000000002,25.363417596405046,2.7396202849838422
29.200000000000003,25.59916804202081,4.689099169399569
29.250000000000004,25.507755044949967,2.898610975402807
29.300000000000004,27.975834283592693,3.743751566674463
29.35,27.69950036516441,4.7442837488001715
29.400000000000002,27.438521531829878,6.086280897732605
29.450000000000003,26.51385244697654,7.914060313625345
29.500000000000004,29.286247012975632,5.054537366777166
29.550000000000004,29.855117649862216,3.4423457357939595
29.6,26.228282080270944,5.633940523795615
29.650000000000002,24.810994019007833,3.9886653841183364
29.700000000000003,25.794908439687102,4.660371288966521
29.750000000000004,26.297386731287993,6.37389636222315
29.800000000000004,27.65479258928516,5.608510129179156
29.85,26.789042184880927,7.932252361549017
29.900000000000002,27.667944163354985,4.42892853899488
29.950000000000003,27.76945941715022,7.927754209992461
30.000000000000004,26.56420231051888,7.051380410286651
30.050000000000004,25.27838873955785,5.976646993974441
30.1,25.24606732295338,4.568670851209985
30.150000000000002,27.535041030959995,4.9949788532196875
30.200000000000003,27.85650088066428,4.365170136586629
30.250000000000004,27.202111044658686,3.3612663509260994
30.300000000000004,29.001141580272357,4.150348500529272
30.35,28.185522662662688,4.042003386801177
30.400000000000002,26.76809614001956,5.376324957301851
30.450000000000003,25.501934936877586,5.8041632366017675
30.500000000000004,25.75072356589405,6.642803841258827
30.550000000000004,24.587782319936416,5.751827950994663
30.6,22.696778328866593,4.295845531772289
30.650000000000002,26.951978417383184,4.004503359849164
30.700000000000003,28.76333891530873,6.6069495315690085
30.750000000000004,25.14633686154639,2.8424554903951273
30.800000000000004,25.75219062027733,6.738621036788862
30.85,25.79152154163193,4.000196361082045
30.900000000000002,28.621646264434634,3.840226615808823
30.950000000000003,27.687830402257255,5.88749042457278
31.000000000000004,24.219399077890067,4.577911259454153
31.050000000000004,25.020567080251336,0.9304753892548145
31.1,27.39537863405339,4.474594171179911
31.150000000000002,28.405664951753728,4.932776829045903
31.200000000000003,26.80859382375728,3.4283139169092434
31.250000000000004,27.494747212673747,5.707302691231834
31.300000000000004,26.650057090614595,9.039983058168467
31.35,25.467527635333205,5.466091643168273
31.400000000000002,26.509730605687366,6.159107167595107
31.450000000000003,28.556234622007203,6.966842162941372
31.500000000000004,23.648647920727903,7.806689338142137
31.550000000000004,26.44209161688,6.445330837177822
31.6,27.309118294649878,3.478808930738028
31.650000000000002,24.00797525335269,5.062022068207288
31.700000000000003,26.73419624764458,6.753260934135307
31.750000000000004,26.052186478770988,2.9526483905469316
31.800000000000004,27.04348079753741,2.485472936007101
31.85,27.6564110888655,3.608263355667329
31.900000000000002,26.287819187917297,7.949395751300349
31.950000000000003,27.403686923867753,6.24666637057174
32,25.912097210320002,4.766392745082981
32.050000000000004,27.364288983705325,5.3148767309164
32.1,24.85439845738995,5.399919632646566
32.150000000000006,25.90238827428989,4.14543657905782
32.2,29.35917686993889,5.964884100028277
32.25,24.099700812416916,5.080219353123199
32.300000000000004,26.306981711758223,7.8084313097279985
32.35,26.300990777058004,6.753849839913499
32.400000000000006,27.178497592326337,5.371494992301436
32.45,25.546204569538677,3.925928599938031
32.5,26.996827979357576,4.746672180324915
32.550000000000004,27.65913958762496,5.078354603737369
32.6,27.324947471715376,4.87887748310264
32.650000000000006,24.20794306956181,4.447853489561072
32.7,26.996115486015835,2.931899143273079
32.75,27.671773827705792,8.008783945972937
32.800000000000004,26.2309949607058,6.1106731940852805
32.85,26.735554795757974,6.397585082896743
32.900000000000006,26.18395887623374,5.821517004937258
32.95,26.063955570584923,7.541907297799117
33,24.058750723366902,6.113899161177622
33.050000000000004,25.311904093784722,4.403022315881632
33.1,23.97565025103746,5.103411337158533
33.150000000000006,26.02625944386758,5.52780395058957
33.2,27.712076041416843,4.588825804650379
33.25,27.809110594817962,4.108064373530138
33.300000000000004,25.306877701994207,1.3852139217296182
33.35,27.111331174523087,6.4543705430318505
33.400000000000006,27.31134335284068,6.098237396442541
33.45,23.518915667751735,6.888294568585142
33.5,26.93423187653557,4.4060029214837995
33.550000000000004,27.761066071456824,4.539920089341032
33.6,27.498716968868408,3.6816867661924437
33.650000000000006,28.441754685851805,6.3698731668399375
33.7,25.319205858738194,5.967090783863321
33.75,27.85666704170238,7.243235272296335
33.800000000000004,27.27159456857921,4.25351280182328
33.85,26.64031317086923,4.9399777560783
33.900000000000006,22.738310692781212,3.957276151234262
33.95,25.66409592230054,2.3363857518629327
34,26.876491283873154,8.030038779657819
34.050000000000004,28.744184369345895,5.7553314972290455
34.1,27.861803917146737,4.779721503276022
34.150000000000006,27.448105678537985,7.853173730808837
34.2,25.29551101139503,5.46468074183276
34.25,26.301517956297552,4.505971825178075
34.300000000000004,25.701322995871244,7.344361527914146
34.35,26.17640757822705,5.6362332703032605
34.400000000000006,25.361723491081612,7.14308713614229
34.45,27.854735478672318,7.930740664821967
34.5,25.162241331745847,5.9064436370542515
34.550000000000004,27.131552770357647,6.257332345227083
34.6,25.205119924920318,7.402670808724703
34.650000000000006,24.35784561105782,8.034575266870668
34.7,24.399205761281095,5.652676267548799
34.75,27.47829634213075,6.742392378812283
34.800000000000004,24.979712841240172,4.91727514597203
34.85,23.84815906080106,4.880076655396706
34.900000000000006,23.647368837589305,5.227370766408067
34.95,25.543604698029664,6.350500167436239
35,24.307065678370776,4.800790008325488
35.050000000000004,26.72556048683306,7.486456012404371
35.1,26.191536306654093,6.037172565503814
35.150000000000006,27.027685886705594,3.7793726173541797
35.2,25.271411198303895,4.2556968265532955
35.25,30.07916479752896,4.0455652930857395
35.300000000000004,26.86704948692146,6.644221858742939
35.35,23.794906075175504,6.893778801203282
35.400000000000006,26.217140564590736,5.643099611906709
35.45,26.824082118663373,4.093115337466664
35.5,26.88066342795342,5.284214496944417
35.550000000000004,24.993110697899034,7.490734598543231
35.6,26.77272746224823,3.934132862394275
35.650000000000006,29.221318638039286,5.454005387234804
35.7,26.179610141664483,5.8863591044136045
35.75,27.613278070997733,5.2532578419183915
35.800000000000004,26.498961303802055,4.9594727868513955
35.85,28.719820838872266,3.7147520872852233
35.900000000000006,27.88750863714489,7.3003509030450875
35.95,25.46635822747939,2.800037045026545
36,26.276294419622154,7.329800989667909
36.050000000000004,27.3804947443433,5.651785063382225
36.1,25.180540114681165,1.9365043213167805
36.150000000000006,30.216140668880847,4.626846442829182
36.2,28.982153246978765,5.425218823432812
36.25,24.773223231405364,7.8735403349694435
36.300000000000004,23.234862051619892,3.3290788648876695
36.35,27.35084963068296,5.522256666761041
36.400000000000006,27.23964892628394,4.524797008738777
36.45,25.515396881093274,7.70343801820823
36.5,27.27549336191139,4.970521040598723
36.550000000000004,26.66999557544948,6.20999750085654
36.6,26.47602285241345,5.784311456973971
36.650000000000006,28.583976890199523,8.32810642450271
36.7,24.710380880380004,5.766909222100591
36.75,28.65833141576946,3.0292343418551333
36.800000000000004,27.708919068586262,3.227509023604982
36.85,26.05185189204377,8.728429666264141
36.900000000000006,24.909509055995212,4.863193000978743
36.95,29.149052746944772,4.799652583702385
37,27.9956701166564,5.124075725539556
37.050000000000004,27.306502359959687,3.7480372534215043
37.1,28.35306304797334,8.236684345394215
37.150000000000006,26.570240909715597,2.8324311848466697
37.2,25.7750640142087,5.026258472322584
37.25,25.13983891325862,6.5369373623963645
37.300000000000004,23.877519962742465,4.7277436293272865
37.35,28.108152687884893,5.990578062552991
37.400000000000006,27.514538840521542,5.472964974577249
37.45,26.213596231483386,7.0655930682575825
37.5,26.971587113269994,3.245617323654648
37.550000000000004,26.257186258993226,4.594262347638809
37.6,24.60881805480802,6.160094236808471
37.650000000000006,26.643225086891555,6.153995032710603
37.7,25.65230987785111,3.645689215631259
37.75,26.31398171081396,6.59874759709184
37.800000000000004,27.773398812763823,5.769497393558684
37.85,28.723037487777603,3.493259548071739
37.900000000000006,26.35374083111264,6.2159391229514895
37.95,28.445116120167015,5.330825049264193
38,26.01366088597042,4.798120221186503
38.050000000000004,25.62469296335317,6.605948780608371
38.1,28.739552664115948,4.870230304071482
38.150000000000006,24.73075444578424,6.125269924064516
38.2,26.583751918751897,5.27549214850572
38.25,26.71861775157066,5.281698072454541
38.300000000000004,26.99219407406264,8.031839089199512
38.35,25.99830716884528,5.377395337882501
38.400000000000006,26.034107746807656,4.9591804460505875
38.45,25.65907233239251,6.645181001576688
38.50000000000001,27.91933833835425,6.255876782457844
38.550000000000004,26.139736282742923,4.159862873061585
38.6,25.648206038046798,4.658959709637163
38.650000000000006,25.68350333632491,5.419966255287432
38.7,24.819531725807785,2.399751195557391
38.75000000000001,27.035197609782305,4.822680418399617
38.800000000000004,25.941322316412492,5.887031529138506
38.85,27.871591724093847,4.735669949685012
38.900000000000006,27.236653530376586,7.6624221838620254
38.95,26.412664102878693,3.227430158672041
39.00000000000001,29.760356607630317,6.6016184175311725
39.050000000000004,26.53927109028606,6.398614525720243
39.1,28.718415829366705,3.276277399286147
39.150000000000006,27.754307567459694,4.595171025224788
39.2,28.23215735817177,3.008501877757843
39.25000000000001,25.89675046733853,5.39437815643556
39.300000000000004,25.41520450006207,4.206874247983945
39.35,27.717818630582485,9.455775023873652
39.400000000000006,26.148693999761473,6.590108786023832
39.45,27.814659383306765,5.963988224005055
39.50000000000001,26.443921420653364,7.833248268893832
39.550000000000004,27.382200135383503,3.813343467312711
39.6,27.95171754082014,5.863225245166334
39.650000000000006,26.008491364426156,6.1049204355382125
39.7,25.555789067383586,4.504176658021824
39.75000000000001,26.293525041805097,4.9575272396405525
39.800000000000004,27.58439689869616,3.6279964275798453
39.85,27.649761856227233,4.692578689379109
39.900000000000006,27.014435625784934,2.4733955691772365
39.95,30.24327295360763,2.8642824726908325
40.00000000000001,27.207298783498782,5.303222125437851
40.050000000000004,29.946267216937088,4.878076574228661
40.1,27.565428119541608,4.280100732423705
40.150000000000006,27.05877959311871,6.985461845429839
40.2,26.679724283109216,5.297789306366796
40.25000000000001,26.83801772966163,4.637142891875379
40.300000000000004,26.712275878843208,6.071512052919855
40.35,25.00235269717711,4.342348975247514
40.400000000000006,28.04744745466348,6.6189375596884705
40.45,29.417688179395583,4.374522299533105
40.50000000000001,26.63761218485737,7.913621482860097
40.550000000000004,27.30953055209571,5.258353012737111
40.6,26.51027386178985,6.163711524566949
40.650000000000006,24.815583798910577,5.92023900741154
40.7,22.89037004565474,4.9804025259147275
40.75000000000001,27.67708877975774,5.592168697171657
40.800000000000004,27.239419546164818,3.0794333318095477
40.85,28.240341502515726,6.616432510248642
40.900000000000006,26.394407898227247,7.246735848906038
40.95,26.746056143001535,6.899252320830531
41.00000000000001,25.75665671228299,4.741856912143209
41.050000000000004,28.459005595971725,8.66187054511399
41.1,26.10052690040653,1.943848155091156
41.150000000000006,27.394888891862227,3.2288982791041416
41.2,26.531589734993027,4.2161837427514275
41.25000000000001,26.574771956760017,5.027174326159986
41.300000000000004,30.380636851905507,4.275035065345456
41.35,26.36457597410228,3.548169335432375
41.400000000000006,26.792136546516495,7.075350651603822
41.45,24.506401118181792,6.466081950475402
41.50000000000001,28.184981209182865,3.172983379196635
41.550000000000004,27.720248391408724,3.3025388184187787
41.6,28.4664843846353,7.777421852573675
41.650000000000006,27.784284808577024,4.940875596561952
41.7,25.058894711444804,5.96796936093216
41.75000000000001,27.01681531196932,5.381730527546719
41.800000000000004,27.69894406784957,4.415407276763171
41.85,27.064650601128356,4.091718280492102
41.900000000000006,27.960077581964942,2.786862183161487
41.95,27.479811610233746,6.136228676029313
42.00000000000001,28.151551162615654,5.612358875380357
42.050000000000004,24.358510858168188,7.8261921007438335
42.1,25.363690774198083,7.537612325276828
42.150000000000006,25.68906442652127,3.1116420410383703
42.2,28.68415712095088,7.703076360565577
42.25000000000001,27.943937095880685,4.391357936461023
42.300000000000004,23.82358623872167,5.522688101109326
42.35,26.7564017399725,5.904839903101255
42.400000000000006,28.62097365895327,5.489285642944895
42.45,27.88411323258677,6.578103794107713
42.50000000000001,26.527352742182025,3.429145847049819
42.550000000000004,25.423858526594692,5.130834267001789
42.6,28.86386890785035,4.799976118280558
42.650000000000006,28.239790535078438,4.900018024307875
42.7,26.804170959253703,3.415172188804126
42.75000000000001,28.480097768793975,6.923947449595016
42.800000000000004,28.033508997624725,6.38199656356425
42.85,28.12368072008596,2.8096507818384904
42.900000000000006,27.550608389844864,5.503619916080373
42.95,27.290836784141707,6.473229761876501
43.00000000000001,28.374388064865702,4.41308523121353
43.050000000000004,27.18905781538233,4.152526826549678
43.1,26.512933584900598,6.861679178767259
43.150000000000006,26.014989935546527,4.183830415591375
43.2,26.388857316593036,3.5884719353710395
43.25000000000001,29.759889384161415,5.465199080650123
43.300000000000004,23.99604046155423,5.254106149887392
43.35,28.796372624275808,6.736571081176061
43.400000000000006,27.95804781276771,3.716856396800152
43.45,27.434769497963615,0.7221240822853572
43.50000000000001,26.612094226745803,4.8213705773685325
43.550000000000004,27.153629103564878,7.039714161651723
43.6,25.19979426954057,5.339342169613926
43.650000000000006,25.460588497658645,4.799507195842072
43.7,27.94906483604769,5.635065804885924
43.75000000000001,25.99541800794456,6.102559944663313
43.800000000000004,27.367947680015977,6.241664425793697
43.85,24.642451943276058,5.229513262415866
43.900000000000006,24.702867149515697,6.124334767823664
43.95,29.01761989896904,3.7012187028337316
44.00000000000001,26.82783847679303,3.7967720656369
44.050000000000004,23.234195854592638,6.846586420630382
44.1,26.694385443300167,4.167574963110935
44.150000000000006,24.563227553634764,5.5294137434462085
44.2,26.99168261487877,6.125112646213498
44.25000000000001,26.565059505593318,3.820482410921327
44.300000000000004,26.31786103328873,5.436663578505129
44.35,27.99100792644137,6.431906887212551
44.400000000000006,25.6048463088515,5.512223404496427
44.45,27.945459996968417,6.892491921533647
44.50000000000001,27.42296105425115,7.5227638020063266
44.550000000000004,27.91020545990818,6.246741496848051
44.6,25.7574670584361,6.278166262513693
44.650000000000006,27.5505043889057,5.770184113736107
44.7,26.284256910093163,8.436582591809278
44.75000000000001,25.97869825497438,4.42823948887707
44.800000000000004,26.506544891816183,5.9586338703494315
44.85,26.189253271035668,1.8637102364486493
44.900000000000006,27.76312918067505,4.749606546412823
44.95,27.314106185915822,4.5853102141491995
45.00000000000001,27.67349458175963,5.306971451876943
45.050000000000004,25.847246169739815,4.411869163303346
45.1,25.78215252002809,5.522626346145778
45.150000000000006,28.04887723042811,7.952009708482092
45.2,25.173724460223823,5.500181801187612
45.25000000000001,27.11624272735554,6.010461799929006
45.300000000000004,23.588066736743997,4.476428354732741
45.35,26.649658344869735,3.839191662136307
45.400000000000006,27.217859945093224,3.805875296169419
45.45,26.336402231741257,5.106256407496277
45.50000000000001,27.518997694132068,4.460815239010831
45.550000000000004,27.102427934525615,5.836744692263328
45.6,26.88895708658226,3.8363661638593944
45.650000000000006,27.76684509473791,4.097490171916483
45.7,26.37773420238755,3.12017842674616
45.75000000000001,27.66541389266545,3.5301798438608185
45.800000000000004,26.92112372886083,8.02294310854619
45.85,27.695683360128378,5.34358105557334
45.900000000000006,28.992606565718283,4.179273436542923
45.95,24.97481414549651,5.8309921793173825
46.00000000000001,26.587668405678,6.9488535070205435
46.050000000000004,30.077193230667767,2.835450784661976
46.1,26.012449337005645,4.810900991069705
46.150000000000006,27.465771786674875,5.829419612203411
46.2,27.90112297098974,8.820265423718878
46.25000000000001,24.88325228421061,2.4833161600160105
46.300000000000004,23.125836061959767,3.9986294797024398
46.35,25.203920151892657,4.4017171924307466
46.400000000000006,26.50041668164363,3.9677719875964605
46.45,27.28984581233624,3.2160619084750426
46.50000000000001,23.72688343633632,4.258313669676624
46.550000000000004,27.63975054773741,5.064105161797387
46.6,25.61160713294691,4.523962560417821
46.650000000000006,26.454913936684093,5.7902665284709265
46.7,25.30103862661159,4.988708573870055
46.75000000000001,25.509473302017845,7.145835957764469
46.800000000000004,26.47258097049462,3.587554031659944
46.85,26.71456802418101,5.693191161814939
46.900000000000006,27.103465433524654,1.3628911937682973
46.95,27.672153991071134,5.470882204253408
47.00000000000001,26.600756204966867,6.0198121657137795
47.050000000000004,26.16936840613458,5.800553732282234
47.1,28.751049246277173,5.4551427365343494
47.150000000000006,25.462517268314237,4.296879839173421
47.2,25.396785330919265,4.35730186520422
47.25000000000001,27.07678566646478,5.672572380013516
47.300000000000004,23.69062370604597,4.062341885379806
47.35,26.70857684069535,4.760266657055357
47.400000000000006,25.191410112942584,1.7472536351764587
47.45,27.082317443490805,5.476043762615511
47.50000000000001,26.68471322020939,4.756357502927799
47.550000000000004,27.265360811807106,4.722423663014021
47.6,25.413261880079926,9.799443058893235
47.650000000000006,24.297546013252614,3.5601278688038
47.7,25.72653490323611,5.495528498560571
47.75000000000001,27.793552533496,5.824592413636852
47.800000000000004,26.97338529323567,3.2336253694965427
47.85,23.039868150056602,2.7454136310418864
47.900000000000006,27.017253742122342,4.830143076313956
47.95,23.444598845187418,5.539724528701434
48.00000000000001,26.684400684193967,4.4187639264138845
48.050000000000004,25.598880566787063,7.005548355475972
48.1,29.699607443332543,5.108507640823439
48.150000000000006,28.347387219582057,5.798304752835975
48.2,27.38469065869666,3.5580301402894814
48.25000000000001,25.148042490652845,4.026568876842913
48.300000000000004,26.65212640295223,7.2825512629138185
48.35,25.96272059490855,5.724588639064548
48.400000000000006,23.62718836300234,3.9449232286335567
48.45,26.76411697637969,4.968180251186627
48.50000000000001,24.644181168419742,7.220066389911988
48.550000000000004,26.808909435309765,5.841740075877793
48.6,27.66854619470032,2.5882414666501377
48.650000000000006,25.09354413434248,7.730695593006299
48.7,29.888981869903564,5.557909964689853
48.75000000000001,25.50735829164222,7.78965400868387
48.800000000000004,28.475719800539743,4.098418878366052
48.85,28.305022737715024,5.83000881504668
48.900000000000006,26.929578960953165,4.076188717640104
48.95,25.409272443000543,5.886492470444406
49.00000000000001,24.271258019928077,8.190541460952739
49.050000000000004,25.770794519400955,4.319251757691224
49.1,28.447123838331734,7.756080438537261
49.150000000000006,25.31393856640092,6.820676971227394
49.2,27.184080741276475,6.738513122156835
49.25000000000001,28.284781336838034,3.2662726496799737
49.300000000000004,26.833383005532028,8.029887486414435
49.35,25.150003760831563,5.861470411924771
49.400000000000006,26.49708430007177,5.558367530576411
49.45,26.359068206569262,5.2673376934467955
49.50000000000001,27.110062960418166,4.932440449032196
49.550000000000004,25.576704010494602,6.859279967277777
49.6,27.680831808537732,2.4261323405031217
49.650000000000006,25.096809509253923,3.4997183223251853
49.7,25.115705771168532,4.1098684055727865
49.75000000000001,27.201562651572925,2.6966997605479204
49.800000000000004,27.154932957233555,4.971075456832128
49.85,23.871567940913774,2.5227328132849802
49.900000000000006,28.354116109111757,4.720667048390653
49.95,27.065219316892833,5.085882809861968
50.00000000000001,30.909891922816172,4.866061584473954
50.050000000000004,28.455612153186294,4.607004235962395
50.1,24.332759646158674,6.3205949008680715
50.150000000000006,25.237132835633485,2.0770589550046465
50.2,26.36300604889014,2.972276882761864
50.25000000000001,28.740691203380866,5.018616391706608
50.300000000000004,27.698756856561378,4.157522209592971
50.35,25.863792010894255,4.512419346217024
50.400000000000006,28.42713659386993,5.246685270441053
50.45,26.520165314014537,5.112051423181021
50.50000000000001,28.163639955363557,7.021464509286722
50.550000000000004,26.117086337220982,5.261366827751089
50.6,24.74252200253803,6.9708601995577055
50.650000000000006,26.200383490818787,3.2418298252248343
50.7,27.706052628239277,5.6211334647770155
50.75000000000001,29.23442572300158,3.1529361702623793
50.800000000000004,26.54826524208082,4.8547789094875995
50.85,27.789108227966228,6.966137035141035
50.900000000000006,27.3148897764933,5.701055863673515
50.95,25.935103018124433,6.003947301000199
51.00000000000001,26.71590732098499,1.7388263085565816
51.050000000000004,27.41565993783084,3.372323841625134
51.1,27.342118353855152,6.94702603147976
51.150000000000006,24.274683025959934,3.065675165061945
51.2,25.833257673248557,5.163109623074119
51.25000000000001,26.287501873877325,6.783289507461442
51.300000000000004,22.414225107968736,5.087575435176309
51.35,27.717356876021384,2.7489479950881406
51.400000000000006,24.165271860095928,6.7531934776771
51.45,27.42562665344217,5.417995326821921
51.50000000000001,30.356970174769213,4.545399416139695
51.550000000000004,27.055919863334406,4.855817691684104
51.6,27.512509505391844,8.112321919195331
51.650000000000006,26.553035866314726,6.027219154555139
51.7,24.678753427882913,3.7761753556184727
51.75000000000001,26.37240473236904,4.646293754081588
51.800000000000004,24.835473575822036,4.549945671890935
51.85,24.433397701832636,4.499181497601122
51.900000000000006,25.0888437845585,5.00064473425104
51.95,26.163991676496757,5.61519342904662
52.00000000000001,26.95949080420594,4.658567179972687
52.050000000000004,22.63457117965758,6.647011586026867
52.1,26.305719012762417,7.2716184566814475
52.150000000000006,27.070929818912926,4.834769539088443
52.2,25.70520806134939,3.5399757549606745
52.25000000000001,28.3466285956288,3.465362475277783
52.300000000000004,25.00036695506538,3.9942163308521326
52.35,26.332337673444734,6.119240674604336
52.400000000000006,26.255288499973382,4.465497770422001
52.45,27.204142439242204,5.242287987602656
52.50000000000001,27.697690959595093,4.0336563196090385
52.550000000000004,26.038754963325577,7.473603232747587
52.6,26.554596853249507,4.789201768772414
52.650000000000006,26.397052262106783,6.543839343191294
52.7,25.89527988764377,3.456981258906537
52.75000000000001,25.146946509995427,2.1969293882296084
52.800000000000004,29.67894986790277,5.225857491799507
52.85,28.560980268744064,2.8257432169713836
52.900000000000006,25.385554602072816,4.457766508201412
52.95,25.276837053015605,7.205335716819167
53.00000000000001,27.44268200745481,4.765452146969702
53.050000000000004,26.471109852240527,3.5524398034188187
53.1,25.005841862972247,3.3294622457799
53.150000000000006,23.368269464225424,4.214239439836824
53.2,27.10780643535036,6.669512426028407
53.25000000000001,25.54158340891727,4.477527451326834
53.300000000000004,26.12398838770956,6.162138553295396
53.35,28.856886617872355,3.7103478399866217
53.400000000000006,26.3088638679892,3.0234351052942503
53.45,30.23339776641587,6.678252930737557
53.50000000000001,27.478422530290356,6.4005191460682695
53.550000000000004,27.163809676033317,4.569642081279147
53.6,26.449818586872233,5.967987951369836
53.650000000000006,25.367389122324326,5.244104408789278
53.7,27.64874907828024,6.146930651031209
53.75000000000001,27.190242817203913,4.895112368392661
53.800000000000004,29.323321552511715,5.486277923324062
53.85,27.711421204469566,5.513740416218965
53.900000000000006,26.922289936319956,7.0911154547389295
53.95,27.059802648259435,7.102349986814625
54.00000000000001,27.261344190619972,6.38519491427069
54.050000000000004,27.56169154238009,7.2283301566789016
54.1,25.261159439363695,5.0598330699944825
54.150000000000006,28.936679719748984,7.3350356061641255
54.2,25.582741231847898,2.8914742926356105
54.25000000000001,28.152343296059076,6.454400746441261
54.300000000000004,29.672951548122242,5.78701484011269
54.35,23.90590924272517,6.452015452026382
54.400000000000006,26.188144967508382,5.824363242407686
54.45,25.536562325888266,5.4764171288627645
54.50000000000001,24.20430251442632,5.292214065967029
54.550000000000004,26.247818036500878,4.847692556922036
54.6,29.317218686820166,7.241800485611323
54.650000000000006,26.23067375213092,6.0621319213184535
54.7,26.01933258931784,3.7866658453096536
54.75000000000001,23.92969328831651,3.8945209295456276
54.800000000000004,25.576946058098194,7.171458891239576
54.85,27.05602001195213,4.602185535119467
54.900000000000006,29.02840459453852,7.067334789774404
54.95,25.637022782858132,4.746787552893963
55.00000000000001,26.864021066206647,4.91322334737855
55.050000000000004,23.881867554127446,7.082869702763951
55.1,25.9959481843977,5.012090536477925
55.150000000000006,26.305709739664255,3.9249943554166498
55.2,25.596852170334053,3.6659835661015823
55.25000000000001,28.497319890344457,3.129499028110813
55.300000000000004,27.843407899278073,3.738280708653814
55.35,24.546210378655665,4.5344784233818105
55.400000000000006,27.9706751438463,5.917310837434579
55.45,28.001413375426832,6.338165601943524
55.50000000000001,27.419682573744094,6.317247400759175
55.550000000000004,26.09499964611054,7.007767077748184
55.6,24.81559276576138,4.615137943628103
55.650000000000006,27.3400231673734,6.216584211351018
55.7,27.694167458282333,4.41660869171584
55.75000000000001,26.98421686034884,3.612955808283938
55.800000000000004,28.106425784898704,5.0976448887812795
55.85,28.574573166898876,8.022301494501612
55.900000000000006,25.619781419731705,5.416979058160447
55.95,28.416122608224505,5.999152613226966
56.00000000000001,26.898544032643894,8.008615837061273
56.050000000000004,27.122050778701045,6.1982913135648525
56.1,24.818848203996545,4.548469039046927
56.150000000000006,25.117851352895183,5.7826965799508425
56.2,25.056548489619914,2.874347411750623
56.25000000000001,24.75543560246114,3.7273799842842292
56.300000000000004,26.09587855876838,3.0536655049894517
56.35,26.76062348975006,6.212838681161956
56.400000000000006,25.707651281376624,3.794697603895464
56.45,25.863156291153256,7.03859099401257
56.50000000000001,25.161989464677692,5.763930848943921
56.550000000000004,23.881926194353717,2.126532712057457
56.6,25.165719686406778,7.069606213017695
56.650000000000006,26.214537453166795,6.347735201336948
56.7,28.40619628061062,3.668207613772121
56.75000000000001,26.182546873920668,4.872770649108954
56.800000000000004,27.47835639530502,5.4449313638856145
56.85,25.506950690795986,7.3573211164322
56.900000000000006,26.013697238427806,3.641123829379443
56.95,27.311460268271418,7.5345535341416685
57.00000000000001,26.934787635448306,5.2296745347184235
57.050000000000004,27.37753904723975,6.2984548211584945
57.1,26.72287868167088,8.363506720901826
57.150000000000006,26.839688740692935,4.554815499094905
57.2,28.019219471765155,5.791220779845384
57.25000000000001,27.110963588476604,5.564735125168994
57.300000000000004,24.03080228149912,7.305190641292638
57.35,24.806968487229547,5.544669117471896
57.400000000000006,25.036013527906608,3.4416174394676666
57.45,24.778499316002826,6.678886385318071
57.50000000000001,28.0352814684326,3.506583722000534
57.550000000000004,27.479262276078412,5.941468246856317
57.6,25.681340006061063,7.211188297470166
57.650000000000006,28.355515845616072,5.778561637573502
57.7,26.225631370170998,5.7751423074170924
57.75000000000001,23.550602473491136,7.258103274453428
57.800000000000004,26.86743306110193,5.839641336348481
57.85,25.604366544302028,7.195253650844031
57.900000000000006,25.784062868245716,6.051112708579073
57.95,24.308919308678185,5.833696284789436
58.00000000000001,30.16762548451774,4.658961025980135
58.050000000000004,28.35972089808271,2.848717097438728
58.1,27.339034593683486,7.022284665571718
58.150000000000006,27.991017575152274,6.26755032459789
58.2,26.432987729994423,8.869271932342622
58.25000000000001,26.63796901655344,6.779620096042415
58.300000000000004,26.646440059182087,6.933834483851951
58.35,25.0555307284946,4.087061869614179
58.400000000000006,25.30379233221539,5.80317655153216
58.45,27.07528535631792,2.6246840448771986
58.50000000000001,26.02469143984613,4.105908165153491
58.550000000000004,24.943744392884255,7.830095170323092
58.6,26.435086681951937,5.498772848400224
58.650000000000006,26.941046750417215,4.677372558480642
58.7,28.031314442708325,7.536183972190548
58.75000000000001,25.468943089322998,5.319439516449463
58.800000000000004,23.841617509414696,7.052495214112512
58.85,24.447130285768083,5.425238691790391
58.900000000000006,28.440818658052695,6.6011652480776615
58.95,25.038056552975608,5.864875766924086
59.00000000000001,29.316672522711567,6.278621888566979
59.050000000000004,26.991012752266887,6.521203537577248
