Nr	TID	PID	x [pixel]	y [pixel]	t [sec]	I [val]	Len [pixel]	D2S [pixel]	D2R [pixel]	D2P [pixel]	v [pixel/sec]	α [deg]	Δα [deg]
1	1	1	862.347	524.319	0	68.6	0	0	NA	NA	NA	NA	NA
2	1	2	862.347	524.319	0	133.9	0	0	NA	0	NA	0	NA
3	1	3	863.85	524.319	0	147.6	1.502	1.502	NA	1.502	NA	0	0
4	1	4	865.352	522.817	0	70.6	3.627	3.359	NA	2.125	NA	-45	-45
5	1	5	865.352	522.817	0	111.6	3.627	3.359	NA	0	NA	0	45
6	1	6	865.352	522.817	0	151.2	3.627	3.359	NA	0	NA	0	0
7	1	7	865.352	522.817	0	186.2	3.627	3.359	NA	0	NA	0	0
8	1	8	865.352	519.812	0	25.6	6.632	5.417	NA	3.005	NA	-90	-90
9	1	9	865.352	519.812	0	26.6	6.632	5.417	NA	0	NA	0	90
10	1	10	865.352	519.812	0	45.2	6.632	5.417	NA	0	NA	0	0
11	1	11	865.352	513.803	0	159	12.641	10.937	NA	6.009	NA	-90	-90
12	1	12	865.352	516.808	0	30.2	15.646	8.09	NA	3.005	NA	90	180
13	1	13	865.352	516.808	0	53.6	15.646	8.09	NA	0	NA	0	-90
14	1	14	868.357	515.305	0	29.3	19.005	10.834	NA	3.359	NA	-26.565	-26.565
15	1	15	871.362	515.305	0	39.6	22.01	12.748	NA	3.005	NA	0	26.565
16	1	16	869.859	515.305	0	31.5	23.512	11.734	NA	1.502	NA	180	180
17	1	17	869.859	513.803	0	37.3	25.015	12.924	NA	1.502	NA	-90	90
18	1	18	872.864	513.803	0	103.6	28.019	14.872	NA	3.005	NA	0	90
19	1	19	872.864	513.803	0	51.5	28.019	14.872	NA	0	NA	0	0
20	1	20	872.864	513.803	0	38.5	28.019	14.872	NA	0	NA	0	0
21	1	21	874.366	513.803	0	33	29.522	15.97	NA	1.502	NA	0	0
22	1	22	874.366	513.803	0	42	29.522	15.97	NA	0	NA	0	0
23	1	23	875.869	513.803	0	26.8	31.024	17.129	NA	1.502	NA	0	0
24	1	24	875.869	513.803	0	37.4	31.024	17.129	NA	0	NA	0	0
25	1	25	875.869	513.803	0	34.8	31.024	17.129	NA	0	NA	0	0
26	1	26	875.869	513.803	0	34.8	31.024	17.129	NA	0	NA	0	0
27	1	27	875.869	513.803	0	30.2	31.024	17.129	NA	0	NA	0	0
28	1	28	875.869	513.803	0	21.2	31.024	17.129	NA	0	NA	0	0
29	1	29	875.869	516.808	0	33.9	34.029	15.468	NA	3.005	NA	90	90
30	1	30	875.869	516.808	0	37.2	34.029	15.468	NA	0	NA	0	-90
31	1	31	875.869	519.812	0	33.9	37.033	14.253	NA	3.005	NA	90	90
32	1	32	874.366	519.812	0	29.2	38.536	12.836	NA	1.502	NA	180	90
33	1	33	874.366	519.812	0	33.9	38.536	12.836	NA	0	NA	0	-180
34	1	34	874.366	519.812	0	35.2	38.536	12.836	NA	0	NA	0	0
35	1	35	872.864	524.319	0	28.2	43.286	10.516	NA	4.751	NA	108.435	108.435
36	1	36	871.362	524.319	0	23.4	44.789	9.014	NA	1.502	NA	180	71.565
37	1	37	871.362	524.319	0	40.9	44.789	9.014	NA	0	NA	0	-180
38	1	38	868.357	528.826	0	167.9	50.206	7.512	NA	5.417	NA	123.69	123.69
39	1	39	866.854	530.329	0	165.4	52.33	7.512	NA	2.125	NA	135	11.31
40	1	40	866.854	530.329	0	126.9	52.33	7.512	NA	0	NA	0	-135
41	1	41	866.854	530.329	0	54.5	52.33	7.512	NA	0	NA	0	0
42	1	42	866.854	530.329	0	24.6	52.33	7.512	NA	0	NA	0	0
43	1	43	865.352	531.831	0	155	54.455	8.09	NA	2.125	NA	135	135
44	1	44	865.352	531.831	0	84	54.455	8.09	NA	0	NA	0	-135
45	1	45	865.352	534.836	0	164.3	57.46	10.937	NA	3.005	NA	90	90
46	1	46	865.352	533.333	0	36	58.962	9.502	NA	1.502	NA	-90	-180
47	1	47	865.352	533.333	0	27	58.962	9.502	NA	0	NA	0	90
48	1	48	865.352	533.333	0	29.3	58.962	9.502	NA	0	NA	0	0
49	1	49	865.352	533.333	0	30.4	58.962	9.502	NA	0	NA	0	0
50	1	50	866.854	533.333	0	37.5	60.464	10.078	NA	1.502	NA	0	0
51	1	51	866.854	533.333	0	38.5	60.464	10.078	NA	0	NA	0	0
52	1	52	866.854	533.333	0	42.2	60.464	10.078	NA	0	NA	0	0
53	1	53	866.854	533.333	0	37.2	60.464	10.078	NA	0	NA	0	0
54	1	54	869.859	534.836	0	37.3	63.824	12.924	NA	3.359	NA	26.565	26.565
55	1	55	869.859	534.836	0	42	63.824	12.924	NA	0	NA	0	-26.565
56	1	56	872.864	534.836	0	34	66.828	14.872	NA	3.005	NA	0	0
57	1	57	872.864	534.836	0	42.6	66.828	14.872	NA	0	NA	0	0
58	1	58	872.864	534.836	0	42.2	66.828	14.872	NA	0	NA	0	0
59	1	59	872.864	534.836	0	46.6	66.828	14.872	NA	0	NA	0	0
60	1	60	877.371	533.333	0	38.4	71.579	17.52	NA	4.751	NA	-18.435	-18.435
61	1	61	877.371	533.333	0	32.7	71.579	17.52	NA	0	NA	0	18.435
62	1	62	877.371	533.333	0	24.6	71.579	17.52	NA	0	NA	0	0
63	1	63	877.371	533.333	0	40	71.579	17.52	NA	0	NA	0	0
64	1	64	877.371	533.333	0	38	71.579	17.52	NA	0	NA	0	0
65	1	65	875.869	533.333	0	37	73.082	16.25	NA	1.502	NA	180	180
66	1	66	875.869	531.831	0	37.3	74.584	15.468	NA	1.502	NA	-90	90
67	1	67	875.869	531.831	0	36.2	74.584	15.468	NA	0	NA	0	90
68	1	68	875.869	531.831	0	45.5	74.584	15.468	NA	0	NA	0	0
69	1	69	871.362	525.822	0	168.7	82.096	9.138	NA	7.512	NA	-126.87	-126.87
70	1	70	869.859	525.822	0	117.3	83.598	7.66	NA	1.502	NA	180	-53.13
71	1	71	871.362	525.822	0	33.9	85.1	9.138	NA	1.502	NA	0	-180
72	1	72	869.859	525.822	0	43	86.603	7.66	NA	1.502	NA	180	180
73	1	73	866.854	525.822	0	38.6	89.607	4.751	NA	3.005	NA	180	0
74	1	74	866.854	525.822	0	44	89.607	4.751	NA	0	NA	0	-180
75	1	75	863.85	525.822	0	31.4	92.612	2.125	NA	3.005	NA	180	180
76	1	76	863.85	525.822	0	33.5	92.612	2.125	NA	0	NA	0	-180
77	1	77	863.85	525.822	0	44.4	92.612	2.125	NA	0	NA	0	0
78	1	78	863.85	525.822	0	45.3	92.612	2.125	NA	0	NA	0	0
79	1	79	863.85	524.319	0	31	94.114	1.502	NA	1.502	NA	-90	-90
80	1	80	862.347	524.319	0	25.5	95.617	0	NA	1.502	NA	180	-90
81	1	81	860.845	522.817	0	128	97.741	2.125	NA	2.125	NA	-135	45
82	1	82	862.347	522.817	0	35	99.244	1.502	NA	1.502	NA	0	135
83	1	83	862.347	522.817	0	29	99.244	1.502	NA	0	NA	0	0
84	1	84	862.347	522.817	0	66.6	99.244	1.502	NA	0	NA	0	0
85	1	85	865.352	522.817	0	46.7	102.248	3.359	NA	3.005	NA	0	0
86	1	86	865.352	522.817	0	40.7	102.248	3.359	NA	0	NA	0	0
87	1	87	865.352	522.817	0	26.7	102.248	3.359	NA	0	NA	0	0
88	1	88	866.854	522.817	0	50	103.751	4.751	NA	1.502	NA	0	0
89	1	89	868.357	522.817	0	52	105.253	6.194	NA	1.502	NA	0	0
90	1	90	868.357	522.817	0	38	105.253	6.194	NA	0	NA	0	0
91	1	91	868.357	522.817	0	44.2	105.253	6.194	NA	0	NA	0	0
92	1	92	869.859	522.817	0	48.6	106.755	7.66	NA	1.502	NA	0	0
93	1	93	869.859	522.817	0	47.6	106.755	7.66	NA	0	NA	0	0
94	1	94	869.859	522.817	0	88.2	106.755	7.66	NA	0	NA	0	0
95	1	95	868.357	527.324	0	65.5	111.506	6.719	NA	4.751	NA	108.435	108.435
96	1	96	868.357	527.324	0	51.2	111.506	6.719	NA	0	NA	0	-108.435
97	1	97	868.357	530.329	0	39.6	114.511	8.499	NA	3.005	NA	90	90
98	1	98	868.357	533.333	0	61.6	117.516	10.834	NA	3.005	NA	90	0
99	1	99	868.357	533.333	0	46.6	117.516	10.834	NA	0	NA	0	-90
100	1	100	865.352	536.338	0	198.9	121.765	12.389	NA	4.249	NA	135	135
101	1	101	865.352	537.84	0	197	123.267	13.851	NA	1.502	NA	90	-45
102	1	102	865.352	537.84	0	89.8	123.267	13.851	NA	0	NA	0	-90
103	1	103	863.85	537.84	0	54.5	124.77	13.604	NA	1.502	NA	180	180
104	1	104	862.347	537.84	0	57.4	126.272	13.521	NA	1.502	NA	180	0
105	1	105	860.845	537.84	0	55.8	127.774	13.604	NA	1.502	NA	180	0
106	1	106	857.84	537.84	0	127.8	130.779	14.253	NA	3.005	NA	180	0
107	1	107	857.84	537.84	0	64.4	130.779	14.253	NA	0	NA	0	-180
108	1	108	857.84	537.84	0	39.7	130.779	14.253	NA	0	NA	0	0
109	1	109	854.836	537.84	0	65.4	133.784	15.468	NA	3.005	NA	180	180
110	1	110	854.836	537.84	0	47	133.784	15.468	NA	0	NA	0	-180
111	1	111	856.338	537.84	0	58.2	135.286	14.796	NA	1.502	NA	0	0
112	1	112	856.338	537.84	0	60.6	135.286	14.796	NA	0	NA	0	0
113	1	113	856.338	537.84	0	56.6	135.286	14.796	NA	0	NA	0	0
114	1	114	856.338	537.84	0	46.6	135.286	14.796	NA	0	NA	0	0
115	1	115	856.338	537.84	0	42.9	135.286	14.796	NA	0	NA	0	0
116	1	116	856.338	537.84	0	35.9	135.286	14.796	NA	0	NA	0	0
117	1	117	857.84	537.84	0	50.9	136.788	14.253	NA	1.502	NA	0	0
118	1	118	859.343	537.84	0	48.9	138.291	13.851	NA	1.502	NA	0	0
119	1	119	859.343	537.84	0	32.4	138.291	13.851	NA	0	NA	0	0
120	1	120	860.845	537.84	0	38.3	139.793	13.604	NA	1.502	NA	0	0
121	1	121	862.347	537.84	0	41	141.295	13.521	NA	1.502	NA	0	0
122	1	122	862.347	537.84	0	38.3	141.295	13.521	NA	0	NA	0	0
123	1	123	862.347	537.84	0	32.4	141.295	13.521	NA	0	NA	0	0
124	1	124	862.347	537.84	0	30.3	141.295	13.521	NA	0	NA	0	0
125	1	125	865.352	537.84	0	39.4	144.3	13.851	NA	3.005	NA	0	0
126	1	126	865.352	537.84	0	37.3	144.3	13.851	NA	0	NA	0	0
127	1	127	865.352	536.338	0	40.8	145.803	12.389	NA	1.502	NA	-90	-90
128	1	128	862.347	536.338	0	39.4	148.807	12.019	NA	3.005	NA	180	-90
129	1	129	863.85	536.338	0	38.7	150.31	12.112	NA	1.502	NA	0	-180
130	1	130	857.84	531.831	0	110.8	157.821	8.76	NA	7.512	NA	-143.13	-143.13
131	1	131	857.84	531.831	0	29.1	157.821	8.76	NA	0	NA	0	143.13
132	1	132	857.84	531.831	0	32.4	157.821	8.76	NA	0	NA	0	0
133	1	133	856.338	530.329	0	44.2	159.946	8.499	NA	2.125	NA	-135	-135
134	1	134	851.831	530.329	0	31.3	164.453	12.112	NA	4.507	NA	180	-45
135	1	135	847.324	530.329	0	86.3	168.96	16.181	NA	4.507	NA	180	0
136	1	136	847.324	530.329	0	31.7	168.96	16.181	NA	0	NA	0	-180
137	1	137	842.817	530.329	0	64.2	173.467	20.434	NA	4.507	NA	180	180
138	1	138	842.817	530.329	0	32.8	173.467	20.434	NA	0	NA	0	-180
139	1	139	839.812	531.831	0	29.5	176.826	23.754	NA	3.359	NA	153.435	153.435
140	1	140	839.812	531.831	0	24.7	176.826	23.754	NA	0	NA	0	-153.435
141	1	141	839.812	531.831	0	37	176.826	23.754	NA	0	NA	0	0
142	1	142	839.812	531.831	0	40	176.826	23.754	NA	0	NA	0	0
143	1	143	839.812	531.831	0	40	176.826	23.754	NA	0	NA	0	0
144	1	144	839.812	531.831	0	41	176.826	23.754	NA	0	NA	0	0
145	1	145	839.812	531.831	0	40	176.826	23.754	NA	0	NA	0	0
146	1	146	839.812	531.831	0	39.8	176.826	23.754	NA	0	NA	0	0
147	1	147	842.817	531.831	0	41	179.831	20.925	NA	3.005	NA	0	0
148	1	148	842.817	531.831	0	44.4	179.831	20.925	NA	0	NA	0	0
149	1	149	842.817	531.831	0	42.2	179.831	20.925	NA	0	NA	0	0
150	1	150	842.817	531.831	0	37	179.831	20.925	NA	0	NA	0	0
151	1	151	842.817	531.831	0	31.6	179.831	20.925	NA	0	NA	0	0
152	1	152	842.817	531.831	0	48.7	179.831	20.925	NA	0	NA	0	0
153	1	153	848.826	528.826	0	43.2	186.55	14.253	NA	6.719	NA	-26.565	-26.565
154	1	154	848.826	528.826	0	45.6	186.55	14.253	NA	0	NA	0	26.565
155	1	155	848.826	528.826	0	44.4	186.55	14.253	NA	0	NA	0	0
156	1	156	847.324	531.831	0	47	189.909	16.797	NA	3.359	NA	116.565	116.565
157	1	157	845.822	534.836	0	44.4	193.269	19.588	NA	3.359	NA	116.565	0
158	1	158	844.319	537.84	0	37.2	196.628	22.535	NA	3.359	NA	116.565	0
159	1	159	844.319	537.84	0	45.4	196.628	22.535	NA	0	NA	0	-116.565
160	1	160	839.812	545.352	0	175.1	205.388	30.826	NA	8.76	NA	120.964	120.964
161	1	161	836.808	545.352	0	181.7	208.393	33.086	NA	3.005	NA	180	59.036
162	1	162	836.808	545.352	0	57.9	208.393	33.086	NA	0	NA	0	-180
163	1	163	832.3	545.352	0	90.9	212.9	36.677	NA	4.507	NA	180	180
164	1	164	830.798	545.352	0	43.1	214.402	37.918	NA	1.502	NA	180	0
165	1	165	827.793	545.352	0	34.1	217.407	40.452	NA	3.005	NA	180	0
166	1	166	827.793	545.352	0	46.5	217.407	40.452	NA	0	NA	0	-180
167	1	167	827.793	545.352	0	46.5	217.407	40.452	NA	0	NA	0	0
168	1	168	823.286	545.352	0	36.9	221.914	44.364	NA	4.507	NA	180	180
169	1	169	823.286	545.352	0	47.5	221.914	44.364	NA	0	NA	0	-180
170	1	170	823.286	546.854	0	49.1	223.416	45.095	NA	1.502	NA	90	90
171	1	171	820.282	548.357	0	47.5	226.776	48.449	NA	3.359	NA	153.435	63.435
172	1	172	818.779	548.357	0	46.5	228.278	49.759	NA	1.502	NA	180	26.565
173	1	173	815.775	551.362	0	46.5	232.527	53.854	NA	4.249	NA	135	-45
174	1	174	815.775	551.362	0	45.4	232.527	53.854	NA	0	NA	0	-135
175	1	175	815.775	555.869	0	38.8	237.034	56.253	NA	4.507	NA	90	90
176	1	176	815.775	555.869	0	50.9	237.034	56.253	NA	0	NA	0	-90
177	1	177	818.779	552.864	0	47.5	241.283	52.086	NA	4.249	NA	-45	-45
178	1	178	818.779	552.864	0	48.5	241.283	52.086	NA	0	NA	0	45
179	1	179	818.779	552.864	0	48.5	241.283	52.086	NA	0	NA	0	0
180	1	180	818.779	552.864	0	47.5	241.283	52.086	NA	0	NA	0	0
181	1	181	821.784	561.878	0	189.5	250.785	55.281	NA	9.502	NA	71.565	71.565
182	1	182	821.784	561.878	0	176.1	250.785	55.281	NA	0	NA	0	-71.565
183	1	183	821.784	561.878	0	69.9	250.785	55.281	NA	0	NA	0	0
184	1	184	821.784	561.878	0	45.8	250.785	55.281	NA	0	NA	0	0
185	1	185	821.784	561.878	0	39.9	250.785	55.281	NA	0	NA	0	0
186	1	186	821.784	560.376	0	50.4	252.287	54.272	NA	1.502	NA	-90	-90
187	1	187	821.784	558.873	0	51	253.79	53.286	NA	1.502	NA	-90	0
188	1	188	821.784	549.859	0	48.7	262.804	47.934	NA	9.014	NA	-90	0
189	1	189	821.784	554.366	0	52.6	267.311	50.48	NA	4.507	NA	90	180
190	1	190	821.784	552.864	0	52.6	268.813	49.6	NA	1.502	NA	-90	-180
191	1	191	821.784	552.864	0	53.3	268.813	49.6	NA	0	NA	0	90
192	1	192	821.784	554.366	0	55.5	270.316	50.48	NA	1.502	NA	90	90
193	1	193	814.272	551.362	0	52.2	278.406	55.159	NA	8.09	NA	-158.199	111.801
194	1	194	814.272	551.362	0	56.8	278.406	55.159	NA	0	NA	0	158.199
195	1	195	802.254	549.859	0	79.1	290.518	65.296	NA	12.112	NA	-172.875	-172.875
196	1	196	805.258	555.869	0	54.9	297.237	65.227	NA	6.719	NA	63.435	-123.69
197	1	197	800.751	554.366	0	53.5	301.988	68.534	NA	4.751	NA	-161.565	135
198	1	198	793.239	554.366	0	47.9	309.5	75.357	NA	7.512	NA	180	-18.435
199	1	199	793.239	554.366	0	54	309.5	75.357	NA	0	NA	0	-180
200	1	200	791.737	551.362	0	57.2	312.859	75.612	NA	3.359	NA	-116.565	-116.565
201	1	201	791.737	551.362	0	55.6	312.859	75.612	NA	0	NA	0	116.565
202	1	202	787.23	551.362	0	58.3	317.366	79.837	NA	4.507	NA	180	180
203	1	203	787.23	551.362	0	58.5	317.366	79.837	NA	0	NA	0	-180
204	1	204	785.728	551.362	0	60.8	318.868	81.252	NA	1.502	NA	180	180
205	1	205	784.225	551.362	0	60.6	320.371	82.67	NA	1.502	NA	180	0
206	1	206	781.221	551.362	0	61	323.375	85.515	NA	3.005	NA	180	0
207	1	207	781.221	549.859	0	61	324.878	85.052	NA	1.502	NA	-90	90
208	1	208	781.221	549.859	0	61	324.878	85.052	NA	0	NA	0	90
209	1	209	781.221	549.859	0	60.6	324.878	85.052	NA	0	NA	0	0
210	1	210	784.225	546.854	0	62.8	329.127	81.307	NA	4.249	NA	-45	-45
211	1	211	784.225	546.854	0	61.4	329.127	81.307	NA	0	NA	0	45
212	1	212	784.225	546.854	0	61.6	329.127	81.307	NA	0	NA	0	0
213	1	213	784.225	546.854	0	62.6	329.127	81.307	NA	0	NA	0	0
214	1	214	784.225	546.854	0	63.6	329.127	81.307	NA	0	NA	0	0
215	1	215	784.225	546.854	0	62.4	329.127	81.307	NA	0	NA	0	0
216	1	216	784.225	546.854	0	65.3	329.127	81.307	NA	0	NA	0	0
217	1	217	785.728	549.859	0	67.4	332.486	80.764	NA	3.359	NA	63.435	63.435
218	1	218	785.728	551.362	0	67.4	333.989	81.252	NA	1.502	NA	90	26.565
219	1	219	785.728	554.366	0	68.4	336.993	82.301	NA	3.005	NA	90	0
220	1	220	779.718	555.869	0	78.1	343.188	88.447	NA	6.194	NA	165.964	75.964
221	1	221	775.211	552.864	0	54.6	348.605	91.692	NA	5.417	NA	-146.31	47.726
222	1	222	772.207	552.864	0	55.6	351.609	94.552	NA	3.005	NA	180	-33.69
223	1	223	770.704	552.864	0	62.9	353.112	95.986	NA	1.502	NA	180	0
224	1	224	769.202	552.864	0	65.1	354.614	97.421	NA	1.502	NA	180	0
225	1	225	769.202	552.864	0	63.9	354.614	97.421	NA	0	NA	0	-180
226	1	226	763.192	552.864	0	58	360.623	103.182	NA	6.009	NA	180	180
227	1	227	757.183	552.864	0	40.5	366.633	108.969	NA	6.009	NA	180	0
228	1	228	754.178	555.869	0	37.4	370.882	112.676	NA	4.249	NA	135	-45
229	1	229	754.178	555.869	0	45.4	370.882	112.676	NA	0	NA	0	-135
230	1	230	754.178	555.869	0	56	370.882	112.676	NA	0	NA	0	0
231	1	231	746.667	558.873	0	41.5	378.972	120.731	NA	8.09	NA	158.199	158.199
232	1	232	739.155	563.38	0	151.8	387.733	129.237	NA	8.76	NA	149.036	-9.162
233	1	233	740.657	563.38	0	47	389.235	127.806	NA	1.502	NA	0	-149.036
234	1	234	740.657	563.38	0	47.6	389.235	127.806	NA	0	NA	0	0
235	1	235	740.657	563.38	0	47.6	389.235	127.806	NA	0	NA	0	0
236	1	236	739.155	567.887	0	51	393.986	130.67	NA	4.751	NA	108.435	108.435
237	1	237	739.155	569.39	0	49	395.488	131.178	NA	1.502	NA	90	-18.435
238	1	238	739.155	569.39	0	46.7	395.488	131.178	NA	0	NA	0	-90
239	1	239	742.16	569.39	0	53.4	398.493	128.361	NA	3.005	NA	0	0
240	1	240	742.16	569.39	0	53.4	398.493	128.361	NA	0	NA	0	0
241	1	241	742.16	572.394	0	53.4	401.497	129.446	NA	3.005	NA	90	90
242	1	242	742.16	573.897	0	52.3	403	130.012	NA	1.502	NA	90	0
243	1	243	740.657	575.399	0	51.4	405.124	131.976	NA	2.125	NA	135	45
244	1	244	740.657	575.399	0	50	405.124	131.976	NA	0	NA	0	-135
245	1	245	740.657	575.399	0	50	405.124	131.976	NA	0	NA	0	0
246	1	246	740.657	576.901	0	50.1	406.627	132.565	NA	1.502	NA	90	90
247	1	247	740.657	576.901	0	51.3	406.627	132.565	NA	0	NA	0	-90
248	1	248	740.657	576.901	0	49.7	406.627	132.565	NA	0	NA	0	0
249	1	249	740.657	576.901	0	48.7	406.627	132.565	NA	0	NA	0	0
250	1	250	734.648	579.906	0	49.1	413.345	139.273	NA	6.719	NA	153.435	153.435
251	1	251	734.648	579.906	0	47.5	413.345	139.273	NA	0	NA	0	-153.435
252	1	252	734.648	579.906	0	49.1	413.345	139.273	NA	0	NA	0	0
253	1	253	734.648	581.408	0	49.7	414.848	139.88	NA	1.502	NA	90	90
254	1	254	736.15	585.915	0	49.7	419.599	140.427	NA	4.751	NA	71.565	-18.435
255	2	1	862.347	422.16	0	60.7	0	0	NA	NA	NA	NA	NA
256	2	2	862.347	422.16	0	91.1	0	0	NA	0	NA	0	NA
257	2	3	862.347	422.16	0	156.4	0	0	NA	0	NA	0	0
258	2	4	862.347	420.657	0	108	1.502	1.502	NA	1.502	NA	-90	-90
259	2	5	862.347	423.662	0	185.2	4.507	1.502	NA	3.005	NA	90	180
260	2	6	862.347	420.657	0	193.4	7.512	1.502	NA	3.005	NA	-90	-180
261	2	7	863.85	417.653	0	58.2	10.871	4.751	NA	3.359	NA	-63.435	26.565
262	2	8	863.85	416.15	0	61.6	12.373	6.194	NA	1.502	NA	-90	-26.565
263	2	9	863.85	416.15	0	47.4	12.373	6.194	NA	0	NA	0	90
264	2	10	863.85	416.15	0	39.4	12.373	6.194	NA	0	NA	0	0
265	2	11	863.85	414.648	0	47.9	13.876	7.66	NA	1.502	NA	-90	-90
266	2	12	863.85	414.648	0	76.7	13.876	7.66	NA	0	NA	0	90
267	2	13	863.85	414.648	0	168.9	13.876	7.66	NA	0	NA	0	0
268	2	14	868.357	416.15	0	59.4	18.627	8.499	NA	4.751	NA	18.435	18.435
269	2	15	869.859	417.653	0	217.6	20.751	8.76	NA	2.125	NA	45	26.565
270	2	16	872.864	411.643	0	49.8	27.47	14.872	NA	6.719	NA	-63.435	-108.435
271	2	17	871.362	416.15	0	131.6	32.221	10.834	NA	4.751	NA	108.435	171.87
272	2	18	871.362	414.648	0	179.4	33.723	11.734	NA	1.502	NA	-90	161.565
273	2	19	874.366	414.648	0	76.8	36.728	14.173	NA	3.005	NA	0	90
274	2	20	874.366	414.648	0	94.4	36.728	14.173	NA	0	NA	0	0
275	2	21	875.869	414.648	0	153.9	38.23	15.468	NA	1.502	NA	0	0
276	2	22	875.869	414.648	0	167.9	38.23	15.468	NA	0	NA	0	0
277	2	23	877.371	413.146	0	44.3	40.355	17.52	NA	2.125	NA	-45	-45
278	2	24	878.873	413.146	0	83.2	41.857	18.824	NA	1.502	NA	0	45
279	2	25	880.376	413.146	0	124.8	43.36	20.156	NA	1.502	NA	0	0
280	2	26	880.376	413.146	0	109.4	43.36	20.156	NA	0	NA	0	0
281	2	27	883.38	413.146	0	207.2	46.364	22.883	NA	3.005	NA	0	0
282	2	28	883.38	413.146	0	194.4	46.364	22.883	NA	0	NA	0	0
283	2	29	883.38	414.648	0	195.5	47.867	22.334	NA	1.502	NA	90	90
284	2	30	883.38	414.648	0	214.1	47.867	22.334	NA	0	NA	0	-90
285	2	31	883.38	414.648	0	213.9	47.867	22.334	NA	0	NA	0	0
286	2	32	881.878	414.648	0	125.5	49.369	20.925	NA	1.502	NA	180	180
287	2	33	881.878	414.648	0	93.4	49.369	20.925	NA	0	NA	0	-180
288	2	34	884.883	422.16	0	157.6	57.459	22.535	NA	8.09	NA	68.199	68.199
289	2	35	883.38	417.653	0	200.6	62.21	21.51	NA	4.751	NA	-108.435	-176.634
290	2	36	883.38	417.653	0	218.8	62.21	21.51	NA	0	NA	0	108.435
291	2	37	880.376	417.653	0	116.8	65.215	18.583	NA	3.005	NA	180	180
292	2	38	878.873	417.653	0	49.2	66.717	17.129	NA	1.502	NA	180	0
293	2	39	878.873	417.653	0	47.6	66.717	17.129	NA	0	NA	0	-180
294	2	40	878.873	420.657	0	214.4	69.722	16.594	NA	3.005	NA	90	90
295	2	41	878.873	420.657	0	220.4	69.722	16.594	NA	0	NA	0	-90
296	2	42	874.366	420.657	0	168.9	74.229	12.112	NA	4.507	NA	180	180
297	2	43	872.864	420.657	0	104.9	75.731	10.623	NA	1.502	NA	180	0
298	2	44	871.362	420.657	0	60.5	77.234	9.138	NA	1.502	NA	180	0
299	2	45	869.859	422.16	0	124.9	79.358	7.512	NA	2.125	NA	135	-45
300	2	46	866.854	422.16	0	89.4	82.363	4.507	NA	3.005	NA	180	45
301	2	47	865.352	422.16	0	110.7	83.865	3.005	NA	1.502	NA	180	0
302	2	48	865.352	422.16	0	53.5	83.865	3.005	NA	0	NA	0	-180
303	2	49	862.347	422.16	0	181.9	86.87	0	NA	3.005	NA	180	180
304	2	50	863.85	422.16	0	48.7	88.372	1.502	NA	1.502	NA	0	-180
305	2	51	863.85	422.16	0	80.4	88.372	1.502	NA	0	NA	0	0
306	2	52	862.347	422.16	0	54.8	89.875	0	NA	1.502	NA	180	180
307	2	53	862.347	422.16	0	52.5	89.875	0	NA	0	NA	0	-180
308	2	54	865.352	422.16	0	194.5	92.879	3.005	NA	3.005	NA	0	0
309	2	55	865.352	422.16	0	171.1	92.879	3.005	NA	0	NA	0	0
310	2	56	868.357	422.16	0	167.8	95.884	6.009	NA	3.005	NA	0	0
311	2	57	868.357	422.16	0	195.4	95.884	6.009	NA	0	NA	0	0
312	2	58	868.357	422.16	0	122.3	95.884	6.009	NA	0	NA	0	0
313	2	59	869.859	422.16	0	133.9	97.386	7.512	NA	1.502	NA	0	0
314	2	60	871.362	422.16	0	116.4	98.889	9.014	NA	1.502	NA	0	0
315	2	61	872.864	422.16	0	195.5	100.391	10.516	NA	1.502	NA	0	0
316	2	62	874.366	422.16	0	192	101.893	12.019	NA	1.502	NA	0	0
317	2	63	874.366	422.16	0	172.1	101.893	12.019	NA	0	NA	0	0
318	2	64	874.366	422.16	0	140.1	101.893	12.019	NA	0	NA	0	0
319	2	65	874.366	422.16	0	160.9	101.893	12.019	NA	0	NA	0	0
320	2	66	874.366	422.16	0	158.2	101.893	12.019	NA	0	NA	0	0
321	2	67	868.357	422.16	0	135.2	107.903	6.009	NA	6.009	NA	180	180
322	2	68	868.357	422.16	0	153.8	107.903	6.009	NA	0	NA	0	-180
323	2	69	863.85	408.638	0	41.7	122.155	13.604	NA	14.253	NA	-108.435	-108.435
324	2	70	862.347	408.638	0	39.7	123.658	13.521	NA	1.502	NA	180	-71.565
325	2	71	860.845	407.136	0	35	125.782	15.098	NA	2.125	NA	-135	45
326	2	72	853.333	405.634	0	168.5	133.443	18.824	NA	7.66	NA	-168.69	-33.69
327	2	73	850.329	405.634	0	247.8	136.448	20.434	NA	3.005	NA	180	-11.31
328	2	74	850.329	405.634	0	200.4	136.448	20.434	NA	0	NA	0	-180
329	2	75	850.329	405.634	0	208.4	136.448	20.434	NA	0	NA	0	0
330	2	76	853.333	404.131	0	33.7	139.807	20.156	NA	3.359	NA	-26.565	-26.565
331	2	77	859.343	404.131	0	185.9	145.816	18.277	NA	6.009	NA	0	26.565
332	2	78	860.845	401.127	0	185.2	149.176	21.086	NA	3.359	NA	-63.435	-63.435
333	2	79	859.343	401.127	0	60.7	150.678	21.246	NA	1.502	NA	180	-116.565
334	2	80	859.343	401.127	0	40.7	150.678	21.246	NA	0	NA	0	-180
335	2	81	862.347	401.127	0	187.6	153.683	21.033	NA	3.005	NA	0	0
336	2	82	863.85	396.62	0	185.4	158.434	25.584	NA	4.751	NA	-71.565	-71.565
337	2	83	862.347	396.62	0	39.7	159.936	25.54	NA	1.502	NA	180	-108.435
338	2	84	863.85	395.117	0	42	162.061	27.084	NA	2.125	NA	-45	135
339	2	85	863.85	395.117	0	50	162.061	27.084	NA	0	NA	0	45
340	2	86	868.357	395.117	0	119.5	166.568	27.702	NA	4.507	NA	0	0
341	2	87	868.357	395.117	0	52.6	166.568	27.702	NA	0	NA	0	0
342	2	88	868.357	395.117	0	44	166.568	27.702	NA	0	NA	0	0
343	2	89	868.357	395.117	0	99	166.568	27.702	NA	0	NA	0	0
344	2	90	868.357	395.117	0	103.5	166.568	27.702	NA	0	NA	0	0
345	2	91	872.864	390.61	0	187.6	172.941	33.256	NA	6.374	NA	-45	-45
346	2	92	868.357	392.113	0	46.7	177.692	30.642	NA	4.751	NA	161.565	-153.435
347	2	93	868.357	392.113	0	48	177.692	30.642	NA	0	NA	0	-161.565
348	2	94	869.859	393.615	0	38.4	179.817	29.516	NA	2.125	NA	45	45
349	2	95	871.362	393.615	0	38.6	181.319	29.934	NA	1.502	NA	0	-45
350	2	96	872.864	393.615	0	69.5	182.822	30.42	NA	1.502	NA	0	0
351	2	97	872.864	393.615	0	42	182.822	30.42	NA	0	NA	0	0
352	2	98	877.371	395.117	0	195.6	187.572	30.935	NA	4.751	NA	18.435	18.435
353	2	99	875.869	395.117	0	164.2	189.075	30.234	NA	1.502	NA	180	161.565
354	2	100	875.869	395.117	0	190.6	189.075	30.234	NA	0	NA	0	-180
355	2	101	871.362	396.62	0	45.2	193.826	27.084	NA	4.751	NA	161.565	161.565
356	2	102	871.362	396.62	0	56.9	193.826	27.084	NA	0	NA	0	-161.565
357	2	103	871.362	396.62	0	50.9	193.826	27.084	NA	0	NA	0	0
358	2	104	874.366	399.624	0	220	198.075	25.54	NA	4.249	NA	45	45
359	2	105	875.869	398.122	0	189.5	200.2	27.579	NA	2.125	NA	-45	-90
360	2	106	875.869	398.122	0	204.8	200.2	27.579	NA	0	NA	0	45
361	2	107	874.366	396.62	0	209.5	202.324	28.227	NA	2.125	NA	-135	-135
362	2	108	866.854	396.62	0	207.5	209.836	25.935	NA	7.512	NA	180	-45
363	2	109	860.845	395.117	0	55.8	216.03	27.084	NA	6.194	NA	-165.964	14.036
364	2	110	856.338	389.108	0	58.3	223.542	33.594	NA	7.512	NA	-126.87	39.094
365	2	111	856.338	389.108	0	58.4	223.542	33.594	NA	0	NA	0	126.87
366	2	112	851.831	389.108	0	63.1	228.049	34.684	NA	4.507	NA	180	180
367	2	113	850.329	389.108	0	63.1	229.551	35.169	NA	1.502	NA	180	0
368	2	114	848.826	389.108	0	62.7	231.054	35.71	NA	1.502	NA	180	0
369	2	115	848.826	389.108	0	59.2	231.054	35.71	NA	0	NA	0	-180
370	2	116	847.324	389.108	0	179.1	232.556	36.306	NA	1.502	NA	180	180
371	2	117	845.822	389.108	0	230.4	234.058	36.953	NA	1.502	NA	180	0
372	2	118	845.822	389.108	0	232.9	234.058	36.953	NA	0	NA	0	-180
373	2	119	845.822	389.108	0	224.8	234.058	36.953	NA	0	NA	0	0
374	2	120	851.831	387.606	0	66.4	240.253	36.119	NA	6.194	NA	-14.036	-14.036
375	2	121	851.831	387.606	0	60.6	240.253	36.119	NA	0	NA	0	14.036
376	2	122	854.836	387.606	0	62.8	243.258	35.361	NA	3.005	NA	0	0
377	2	123	856.338	387.606	0	63.1	244.76	35.073	NA	1.502	NA	0	0
378	2	124	862.347	387.606	0	124.6	250.769	34.554	NA	6.009	NA	0	0
379	2	125	862.347	387.606	0	60.4	250.769	34.554	NA	0	NA	0	0
380	2	126	859.343	381.596	0	57.8	257.488	40.675	NA	6.719	NA	-116.565	-116.565
381	2	127	859.343	381.596	0	58.3	257.488	40.675	NA	0	NA	0	116.565
382	2	128	859.343	381.596	0	62.7	257.488	40.675	NA	0	NA	0	0
383	2	129	854.836	378.592	0	50.8	262.905	44.211	NA	5.417	NA	-146.31	-146.31
384	2	130	854.836	378.592	0	54.7	262.905	44.211	NA	0	NA	0	146.31
385	2	131	850.329	374.085	0	56	269.279	49.555	NA	6.374	NA	-135	-135
386	2	132	842.817	372.582	0	52	276.939	53.286	NA	7.66	NA	-168.69	-33.69
387	2	133	836.808	372.582	0	139.6	282.949	55.769	NA	6.009	NA	180	-11.31
388	2	134	835.305	372.582	0	34.8	284.451	56.473	NA	1.502	NA	180	0
389	2	135	835.305	369.577	0	63.7	287.456	59.128	NA	3.005	NA	-90	90
390	2	136	835.305	369.577	0	58.5	287.456	59.128	NA	0	NA	0	90
391	2	137	829.296	368.075	0	51.3	293.65	63.384	NA	6.194	NA	-165.964	-165.964
392	2	138	829.296	368.075	0	51.3	293.65	63.384	NA	0	NA	0	165.964
393	2	139	829.296	363.568	0	65.3	298.157	67.271	NA	4.507	NA	-90	-90
394	2	140	830.798	363.568	0	63.9	299.659	66.546	NA	1.502	NA	0	90
395	2	141	832.3	362.066	0	65.1	301.784	67.187	NA	2.125	NA	-45	-45
396	2	142	836.808	362.066	0	148	306.291	65.296	NA	4.507	NA	0	45
397	2	143	836.808	362.066	0	65.3	306.291	65.296	NA	0	NA	0	0
398	2	144	839.812	362.066	0	184.2	309.296	64.18	NA	3.005	NA	0	0
399	2	145	841.315	362.066	0	182	310.798	63.668	NA	1.502	NA	0	0
400	2	146	839.812	356.056	0	58.2	316.992	69.839	NA	6.194	NA	-104.036	-104.036
401	2	147	844.319	356.056	0	85.4	321.499	68.518	NA	4.507	NA	0	104.036
402	2	148	845.822	356.056	0	137.4	323.002	68.138	NA	1.502	NA	0	0
403	2	149	845.822	356.056	0	70	323.002	68.138	NA	0	NA	0	0
404	2	150	841.315	350.047	0	68.4	330.514	75.117	NA	7.512	NA	-126.87	-126.87
405	2	151	841.315	350.047	0	56.7	330.514	75.117	NA	0	NA	0	126.87
406	2	152	841.315	350.047	0	53.6	330.514	75.117	NA	0	NA	0	0
407	2	153	841.315	350.047	0	53.6	330.514	75.117	NA	0	NA	0	0
408	2	154	838.31	350.047	0	55.9	333.518	76.013	NA	3.005	NA	180	180
409	2	155	838.31	350.047	0	57.1	333.518	76.013	NA	0	NA	0	-180
410	2	156	841.315	350.047	0	55.8	336.523	75.117	NA	3.005	NA	0	0
411	2	157	842.817	351.549	0	58.3	338.648	73.262	NA	2.125	NA	45	45
412	2	158	847.324	353.052	0	57.9	343.398	70.722	NA	4.751	NA	18.435	-26.565
413	2	159	850.329	353.052	0	60.5	346.403	70.145	NA	3.005	NA	0	-18.435
414	2	160	853.333	353.052	0	181.7	349.408	69.693	NA	3.005	NA	0	0
415	2	161	853.333	353.052	0	181.9	349.408	69.693	NA	0	NA	0	0
416	2	162	853.333	350.047	0	173.2	352.412	72.674	NA	3.005	NA	-90	-90
417	2	163	851.831	348.545	0	52.2	354.537	74.362	NA	2.125	NA	-135	-45
418	2	164	851.831	348.545	0	57.2	354.537	74.362	NA	0	NA	0	135
419	2	165	844.319	348.545	0	43.7	362.049	75.79	NA	7.512	NA	180	180
420	2	166	844.319	348.545	0	48.8	362.049	75.79	NA	0	NA	0	-180
421	2	167	830.798	348.545	0	238.5	375.57	80.091	NA	13.521	NA	180	180
422	2	168	829.296	348.545	0	125.8	377.072	80.694	NA	1.502	NA	180	0
423	2	169	826.291	348.545	0	45.2	380.077	81.971	NA	3.005	NA	180	0
424	2	170	823.286	348.545	0	44.9	383.082	83.336	NA	3.005	NA	180	0
425	2	171	820.282	348.545	0	46.4	386.086	84.786	NA	3.005	NA	180	0
426	2	172	815.775	348.545	0	40.8	390.593	87.11	NA	4.507	NA	180	0
427	2	173	815.775	348.545	0	50.1	390.593	87.11	NA	0	NA	0	-180
428	2	174	812.77	348.545	0	48.8	393.598	88.753	NA	3.005	NA	180	180
429	2	175	808.263	348.545	0	38.4	398.105	91.347	NA	4.507	NA	180	0
430	2	176	805.258	348.545	0	43.1	401.11	93.158	NA	3.005	NA	180	0
431	2	177	805.258	345.54	0	49.7	404.115	95.55	NA	3.005	NA	-90	90
432	2	178	805.258	345.54	0	42.1	404.115	95.55	NA	0	NA	0	90
433	2	179	803.756	345.54	0	41.9	405.617	96.455	NA	1.502	NA	180	180
434	2	180	803.756	344.038	0	42.6	407.119	97.653	NA	1.502	NA	-90	90
435	2	181	809.765	333.521	0	61.8	419.232	103.061	NA	12.112	NA	-60.255	29.745
436	2	182	809.765	341.033	0	46.6	426.743	96.677	NA	7.512	NA	90	150.255
437	2	183	812.77	336.526	0	48	432.16	98.95	NA	5.417	NA	-56.31	-146.31
438	2	184	814.272	336.526	0	45	433.662	98.206	NA	1.502	NA	0	56.31
439	2	185	815.775	336.526	0	52.4	435.165	97.479	NA	1.502	NA	0	0
440	2	186	815.775	336.526	0	52.4	435.165	97.479	NA	0	NA	0	0
441	2	187	811.268	332.019	0	48.7	441.539	103.608	NA	6.374	NA	-135	-135
442	2	188	811.268	330.516	0	47.4	443.041	104.917	NA	1.502	NA	-90	45
443	2	189	809.765	329.014	0	46.4	445.166	106.962	NA	2.125	NA	-135	-45
444	2	190	809.765	323.005	0	51.5	451.175	112.235	NA	6.009	NA	-90	45
445	2	191	805.258	323.005	0	52.6	455.682	114.415	NA	4.507	NA	180	-90
446	2	192	799.249	323.005	0	183	461.692	117.529	NA	6.009	NA	180	0
447	2	193	794.742	320	0	151.5	467.108	122.504	NA	5.417	NA	-146.31	33.69
448	2	194	790.235	318.498	0	53.8	471.859	126.278	NA	4.751	NA	-161.565	-15.255
449	2	195	784.225	318.498	0	44.1	477.869	129.803	NA	6.009	NA	180	-18.435
450	2	196	775.211	318.498	0	46.8	486.883	135.42	NA	9.014	NA	180	0
451	2	197	770.704	318.498	0	46.8	491.39	138.363	NA	4.507	NA	180	0
452	2	198	764.695	316.995	0	44.1	497.584	143.512	NA	6.194	NA	-165.964	14.036
453	2	199	764.695	313.991	0	48.1	500.589	145.728	NA	3.005	NA	-90	75.964
454	2	200	770.704	306.479	0	51.3	510.208	147.582	NA	9.62	NA	-51.34	38.66
455	2	201	775.211	306.479	0	47	514.715	144.827	NA	4.507	NA	0	51.34
456	2	202	775.211	304.977	0	56	516.218	146.029	NA	1.502	NA	-90	-90
457	2	203	770.704	301.972	0	54.4	521.635	151.141	NA	5.417	NA	-146.31	-56.31
458	2	204	770.704	298.967	0	55.8	524.639	153.541	NA	3.005	NA	-90	56.31
459	2	205	769.202	295.962	0	57.1	527.999	156.85	NA	3.359	NA	-116.565	-26.565
460	2	206	767.7	295.962	0	58.3	529.501	157.746	NA	1.502	NA	180	-63.435
461	2	207	767.7	292.958	0	59.5	532.506	160.16	NA	3.005	NA	-90	90
462	2	208	767.7	292.958	0	58.3	532.506	160.16	NA	0	NA	0	90
463	2	209	772.207	292.958	0	61.8	537.013	157.539	NA	4.507	NA	0	0
464	2	210	772.207	285.446	0	66.3	544.524	163.756	NA	7.512	NA	-90	-90
465	2	211	778.216	283.944	0	62.8	550.719	161.808	NA	6.194	NA	-14.036	75.964
466	2	212	778.216	280.939	0	65.3	553.724	164.382	NA	3.005	NA	-90	-75.964
467	2	213	772.207	277.934	0	73.3	560.442	170.077	NA	6.719	NA	-153.435	-63.435
468	2	214	769.202	277.934	0	66.5	563.447	171.689	NA	3.005	NA	180	-26.565
469	2	215	763.192	277.934	0	73.5	569.456	175.022	NA	6.009	NA	180	0
470	2	216	763.192	277.934	0	66.5	569.456	175.022	NA	0	NA	0	-180
471	2	217	763.192	277.934	0	67.8	569.456	175.022	NA	0	NA	0	0
472	2	218	764.695	273.427	0	66.3	574.207	177.925	NA	4.751	NA	-71.565	-71.565
473	2	219	767.7	273.427	0	65.3	577.212	176.294	NA	3.005	NA	0	71.565
474	2	220	773.709	271.925	0	62.8	583.406	174.434	NA	6.194	NA	-14.036	-14.036
475	2	221	773.709	270.423	0	60.4	584.909	175.73	NA	1.502	NA	-90	-75.964
476	2	222	773.709	268.92	0	65.3	586.411	177.029	NA	1.502	NA	-90	0
477	2	223	775.211	267.418	0	61.8	588.536	177.589	NA	2.125	NA	-45	45
478	2	224	775.211	267.418	0	61.8	588.536	177.589	NA	0	NA	0	45
479	2	225	776.714	267.418	0	57	590.038	176.856	NA	1.502	NA	0	0
480	2	226	775.211	264.413	0	57.9	593.397	180.213	NA	3.359	NA	-116.565	-116.565
481	2	227	769.202	264.413	0	58.5	599.407	183.194	NA	6.009	NA	180	-63.435
482	2	228	755.681	264.413	0	102.1	612.928	190.425	NA	13.521	NA	180	0
483	2	229	751.174	264.413	0	74.8	617.435	192.986	NA	4.507	NA	180	0
484	2	230	748.169	264.413	0	61.5	620.439	194.732	NA	3.005	NA	180	0
485	2	231	742.16	264.413	0	67.7	626.449	198.316	NA	6.009	NA	180	0
486	2	232	740.657	258.404	0	73.6	632.643	204.021	NA	6.194	NA	-104.036	75.964
487	2	233	740.657	256.901	0	70.7	634.146	205.229	NA	1.502	NA	-90	14.036
488	2	234	736.15	255.399	0	70.7	638.896	209.129	NA	4.751	NA	-161.565	-71.565
489	2	235	734.648	255.399	0	78.7	640.399	210.039	NA	1.502	NA	180	-18.435
490	2	236	734.648	255.399	0	73.6	640.399	210.039	NA	0	NA	0	-180
491	2	237	733.146	255.399	0	70.7	641.901	210.955	NA	1.502	NA	180	180
492	2	238	731.643	255.399	0	73.2	643.403	211.879	NA	1.502	NA	180	0
493	2	239	731.643	255.399	0	72.1	643.403	211.879	NA	0	NA	0	-180
494	2	240	727.136	249.39	0	89.5	650.915	219.389	NA	7.512	NA	-126.87	-126.87
495	2	241	727.136	249.39	0	84.7	650.915	219.389	NA	0	NA	0	126.87
496	2	242	731.643	247.887	0	77.7	655.666	217.84	NA	4.751	NA	-18.435	-18.435
497	2	243	731.643	247.887	0	78.7	655.666	217.84	NA	0	NA	0	18.435
498	2	244	734.648	247.887	0	77.7	658.671	216.051	NA	3.005	NA	0	0
499	2	245	739.155	244.883	0	78.7	664.087	215.878	NA	5.417	NA	-33.69	-33.69
500	2	246	746.667	243.38	0	73.1	671.748	212.942	NA	7.66	NA	-11.31	22.38
501	2	247	745.164	243.38	0	81.7	673.25	213.761	NA	1.502	NA	180	-168.69
502	2	248	745.164	241.878	0	85.7	674.753	215.019	NA	1.502	NA	-90	90
503	2	249	743.662	240.376	0	81.7	676.877	217.098	NA	2.125	NA	-135	-45
504	2	250	743.662	240.376	0	85.7	676.877	217.098	NA	0	NA	0	135
505	2	251	739.155	235.869	0	84.7	683.251	223.34	NA	6.374	NA	-135	-135
506	2	252	731.643	234.366	0	91.7	690.912	228.801	NA	7.66	NA	-168.69	-33.69
507	2	253	733.146	234.366	0	82.7	692.414	227.946	NA	1.502	NA	0	168.69
508	2	254	733.146	234.366	0	82.6	692.414	227.946	NA	0	NA	0	0
509	2	255	727.136	234.366	0	82.7	698.423	231.405	NA	6.009	NA	180	180
