MTrackJ 1.5.1 Data File
Displaying true true true 1 2 0 0 100 10 0 0 0 2 1 12 0 true false false false
Assembly 1 FF0000
Cluster 1 FF0000
Track 1 FF0000 true
Point 1 830.0 544.0 1.0 8.0 1.0
Point 2 830.0 544.0 1.0 9.0 1.0
Point 3 828.0 546.0 1.0 10.0 1.0
Point 4 828.0 546.0 1.0 11.0 1.0
Point 5 824.0 548.0 1.0 12.0 1.0
Point 6 830.0 548.0 1.0 13.0 1.0
Point 7 830.0 548.0 1.0 14.0 1.0
Point 8 824.0 548.0 1.0 15.0 1.0
Point 9 826.0 548.0 1.0 16.0 1.0
Point 10 826.0 548.0 1.0 17.0 1.0
Point 11 826.0 548.0 1.0 18.0 1.0
Point 12 826.0 548.0 1.0 19.0 1.0
Point 13 826.0 548.0 1.0 20.0 1.0
Point 14 826.0 548.0 1.0 21.0 1.0
Point 15 822.0 548.0 1.0 22.0 1.0
Point 16 822.0 548.0 1.0 23.0 1.0
Point 17 822.0 548.0 1.0 24.0 1.0
Point 18 820.0 548.0 1.0 25.0 1.0
Point 19 820.0 548.0 1.0 26.0 1.0
Point 20 820.0 548.0 1.0 27.0 1.0
Point 21 820.0 548.0 1.0 28.0 1.0
Point 22 820.0 548.0 1.0 29.0 1.0
Point 23 820.0 548.0 1.0 30.0 1.0
Point 24 820.0 548.0 1.0 31.0 1.0
Point 25 820.0 548.0 1.0 32.0 1.0
Point 26 820.0 548.0 1.0 33.0 1.0
Point 27 820.0 550.0 1.0 34.0 1.0
Point 28 820.0 544.0 1.0 35.0 1.0
Point 29 820.0 544.0 1.0 36.0 1.0
Point 30 822.0 542.0 1.0 37.0 1.0
Point 31 822.0 542.0 1.0 38.0 1.0
Point 32 822.0 542.0 1.0 39.0 1.0
Point 33 826.0 544.0 1.0 40.0 1.0
Point 34 826.0 544.0 1.0 41.0 1.0
Point 35 830.0 542.0 1.0 42.0 1.0
Point 36 830.0 542.0 1.0 43.0 1.0
Point 37 826.0 540.0 1.0 44.0 1.0
Point 38 822.0 548.0 1.0 45.0 1.0
Point 39 820.0 542.0 1.0 46.0 1.0
Point 40 820.0 542.0 1.0 47.0 1.0
Point 41 824.0 536.0 1.0 48.0 1.0
Point 42 824.0 534.0 1.0 49.0 1.0
Point 43 828.0 530.0 1.0 50.0 1.0
Point 44 824.0 526.0 1.0 51.0 1.0
Point 45 820.0 524.0 1.0 52.0 1.0
Point 46 820.0 530.0 1.0 53.0 1.0
Point 47 818.0 530.0 1.0 54.0 1.0
Point 48 818.0 530.0 1.0 55.0 1.0
Point 49 818.0 530.0 1.0 56.0 1.0
Point 50 818.0 530.0 1.0 57.0 1.0
Point 51 818.0 530.0 1.0 58.0 1.0
Point 52 818.0 528.0 1.0 59.0 1.0
Point 53 816.0 526.0 1.0 60.0 1.0
Point 54 816.0 526.0 1.0 61.0 1.0
Point 55 816.0 526.0 1.0 62.0 1.0
Point 56 816.0 526.0 1.0 63.0 1.0
Point 57 816.0 526.0 1.0 64.0 1.0
Point 58 816.0 526.0 1.0 65.0 1.0
Point 59 816.0 526.0 1.0 66.0 1.0
Point 60 816.0 526.0 1.0 67.0 1.0
Point 61 822.0 528.0 1.0 68.0 1.0
Point 62 820.0 528.0 1.0 69.0 1.0
Point 63 820.0 528.0 1.0 70.0 1.0
Point 64 820.0 528.0 1.0 71.0 1.0
Point 65 818.0 526.0 1.0 72.0 1.0
Point 66 818.0 526.0 1.0 73.0 1.0
Point 67 818.0 526.0 1.0 74.0 1.0
Point 68 822.0 524.0 1.0 75.0 1.0
Point 69 824.0 526.0 1.0 76.0 1.0
Point 70 824.0 526.0 1.0 77.0 1.0
Point 71 826.0 530.0 1.0 78.0 1.0
Point 72 826.0 530.0 1.0 79.0 1.0
Point 73 828.0 530.0 1.0 80.0 1.0
Point 74 824.0 524.0 1.0 81.0 1.0
Point 75 824.0 524.0 1.0 82.0 1.0
Point 76 828.0 526.0 1.0 83.0 1.0
Point 77 828.0 526.0 1.0 84.0 1.0
Point 78 828.0 526.0 1.0 85.0 1.0
Point 79 832.0 528.0 1.0 86.0 1.0
Point 80 830.0 526.0 1.0 87.0 1.0
Point 81 830.0 526.0 1.0 88.0 1.0
Point 82 830.0 526.0 1.0 89.0 1.0
Point 83 830.0 526.0 1.0 90.0 1.0
Point 84 830.0 526.0 1.0 91.0 1.0
Point 85 830.0 526.0 1.0 92.0 1.0
Point 86 830.0 526.0 1.0 93.0 1.0
Point 87 830.0 526.0 1.0 94.0 1.0
Point 88 830.0 526.0 1.0 95.0 1.0
Point 89 830.0 526.0 1.0 96.0 1.0
Point 90 830.0 528.0 1.0 97.0 1.0
Point 91 830.0 528.0 1.0 98.0 1.0
Point 92 832.0 528.0 1.0 99.0 1.0
Point 93 828.0 528.0 1.0 100.0 1.0
Point 94 828.0 526.0 1.0 101.0 1.0
Point 95 826.0 522.0 1.0 102.0 1.0
Point 96 822.0 524.0 1.0 103.0 1.0
Point 97 826.0 524.0 1.0 104.0 1.0
Point 98 826.0 524.0 1.0 105.0 1.0
Point 99 826.0 526.0 1.0 106.0 1.0
Point 100 828.0 520.0 1.0 107.0 1.0
Point 101 826.0 528.0 1.0 108.0 1.0
Point 102 826.0 528.0 1.0 109.0 1.0
Point 103 826.0 528.0 1.0 110.0 1.0
Point 104 826.0 524.0 1.0 111.0 1.0
Point 105 826.0 524.0 1.0 112.0 1.0
Point 106 830.0 520.0 1.0 113.0 1.0
Point 107 830.0 520.0 1.0 114.0 1.0
Point 108 830.0 524.0 1.0 115.0 1.0
Point 109 834.0 526.0 1.0 116.0 1.0
Point 110 838.0 524.0 1.0 117.0 1.0
Point 111 832.0 524.0 1.0 118.0 1.0
Point 112 834.0 522.0 1.0 119.0 1.0
Point 113 838.0 522.0 1.0 120.0 1.0
Point 114 840.0 518.0 1.0 121.0 1.0
Point 115 838.0 522.0 1.0 122.0 1.0
Point 116 842.0 518.0 1.0 123.0 1.0
Point 117 840.0 524.0 1.0 124.0 1.0
Point 118 844.0 520.0 1.0 125.0 1.0
Point 119 844.0 520.0 1.0 126.0 1.0
Point 120 844.0 518.0 1.0 127.0 1.0
Point 121 842.0 518.0 1.0 128.0 1.0
Point 122 840.0 516.0 1.0 129.0 1.0
Point 123 842.0 518.0 1.0 130.0 1.0
Point 124 842.0 518.0 1.0 131.0 1.0
Point 125 842.0 514.0 1.0 132.0 1.0
Point 126 842.0 514.0 1.0 133.0 1.0
Point 127 844.0 512.0 1.0 134.0 1.0
Point 128 840.0 514.0 1.0 135.0 1.0
Point 129 840.0 514.0 1.0 136.0 1.0
Point 130 840.0 512.0 1.0 137.0 1.0
Point 131 838.0 510.0 1.0 138.0 1.0
Point 132 838.0 510.0 1.0 139.0 1.0
Point 133 836.0 510.0 1.0 140.0 1.0
Point 134 840.0 508.0 1.0 141.0 1.0
Point 135 840.0 508.0 1.0 142.0 1.0
Point 136 840.0 508.0 1.0 143.0 1.0
Point 137 838.0 508.0 1.0 144.0 1.0
Point 138 836.0 508.0 1.0 145.0 1.0
Point 139 836.0 508.0 1.0 146.0 1.0
Point 140 836.0 508.0 1.0 147.0 1.0
Point 141 836.0 508.0 1.0 148.0 1.0
Point 142 840.0 508.0 1.0 149.0 1.0
Point 143 840.0 508.0 1.0 150.0 1.0
Point 144 842.0 508.0 1.0 151.0 1.0
Point 145 842.0 508.0 1.0 152.0 1.0
Point 146 842.0 510.0 1.0 153.0 1.0
Point 147 846.0 512.0 1.0 154.0 1.0
Point 148 846.0 510.0 1.0 155.0 1.0
Point 149 850.0 510.0 1.0 156.0 1.0
Point 150 850.0 510.0 1.0 157.0 1.0
Point 151 848.0 510.0 1.0 158.0 1.0
Point 152 848.0 510.0 1.0 159.0 1.0
Point 153 848.0 510.0 1.0 160.0 1.0
Point 154 852.0 510.0 1.0 161.0 1.0
Point 155 852.0 510.0 1.0 162.0 1.0
Point 156 858.0 510.0 1.0 163.0 1.0
Point 157 856.0 510.0 1.0 164.0 1.0
Point 158 856.0 510.0 1.0 165.0 1.0
Point 159 850.0 510.0 1.0 166.0 1.0
Point 160 850.0 510.0 1.0 167.0 1.0
Point 161 850.0 510.0 1.0 168.0 1.0
Point 162 850.0 510.0 1.0 169.0 1.0
Point 163 850.0 510.0 1.0 170.0 1.0
Point 164 850.0 510.0 1.0 171.0 1.0
Point 165 850.0 510.0 1.0 172.0 1.0
Point 166 850.0 510.0 1.0 173.0 1.0
Point 167 850.0 510.0 1.0 174.0 1.0
Point 168 850.0 510.0 1.0 175.0 1.0
Point 169 850.0 510.0 1.0 176.0 1.0
Point 170 848.0 510.0 1.0 177.0 1.0
Point 171 848.0 510.0 1.0 178.0 1.0
Point 172 848.0 510.0 1.0 179.0 1.0
Point 173 848.0 510.0 1.0 180.0 1.0
Point 174 844.0 512.0 1.0 181.0 1.0
Point 175 844.0 512.0 1.0 182.0 1.0
Point 176 844.0 512.0 1.0 183.0 1.0
Point 177 844.0 512.0 1.0 184.0 1.0
Point 178 844.0 512.0 1.0 185.0 1.0
Point 179 844.0 512.0 1.0 186.0 1.0
Point 180 844.0 512.0 1.0 187.0 1.0
Point 181 842.0 512.0 1.0 188.0 1.0
Point 182 848.0 510.0 1.0 189.0 1.0
Point 183 848.0 510.0 1.0 190.0 1.0
Point 184 848.0 510.0 1.0 191.0 1.0
Point 185 852.0 510.0 1.0 192.0 1.0
Point 186 856.0 508.0 1.0 193.0 1.0
Point 187 856.0 504.0 1.0 194.0 1.0
Point 188 856.0 504.0 1.0 195.0 1.0
Point 189 860.0 500.0 1.0 196.0 1.0
Point 190 860.0 500.0 1.0 197.0 1.0
Point 191 860.0 500.0 1.0 198.0 1.0
Point 192 860.0 500.0 1.0 199.0 1.0
Point 193 860.0 500.0 1.0 200.0 1.0
Point 194 860.0 500.0 1.0 201.0 1.0
Point 195 860.0 500.0 1.0 202.0 1.0
Point 196 860.0 500.0 1.0 203.0 1.0
Point 197 860.0 500.0 1.0 204.0 1.0
Point 198 860.0 498.0 1.0 205.0 1.0
Point 199 860.0 492.0 1.0 206.0 1.0
Point 200 860.0 492.0 1.0 207.0 1.0
Point 201 856.0 492.0 1.0 208.0 1.0
Point 202 856.0 488.0 1.0 209.0 1.0
Point 203 854.0 486.0 1.0 210.0 1.0
Point 204 854.0 488.0 1.0 211.0 1.0
Point 205 854.0 488.0 1.0 212.0 1.0
Point 206 854.0 488.0 1.0 213.0 1.0
Point 207 854.0 488.0 1.0 214.0 1.0
Point 208 854.0 488.0 1.0 215.0 1.0
Point 209 854.0 488.0 1.0 216.0 1.0
Point 210 854.0 488.0 1.0 217.0 1.0
Point 211 854.0 488.0 1.0 218.0 1.0
Point 212 854.0 488.0 1.0 219.0 1.0
Point 213 850.0 490.0 1.0 220.0 1.0
Point 214 848.0 482.0 1.0 221.0 1.0
Point 215 848.0 482.0 1.0 222.0 1.0
Point 216 848.0 482.0 1.0 223.0 1.0
Point 217 852.0 478.0 1.0 224.0 1.0
Point 218 852.0 478.0 1.0 225.0 1.0
Point 219 854.0 478.0 1.0 226.0 1.0
Point 220 854.0 478.0 1.0 227.0 1.0
Point 221 858.0 476.0 1.0 228.0 1.0
Point 222 858.0 476.0 1.0 229.0 1.0
Point 223 862.0 478.0 1.0 230.0 1.0
Point 224 862.0 478.0 1.0 231.0 1.0
Point 225 862.0 478.0 1.0 232.0 1.0
Point 226 866.0 484.0 1.0 233.0 1.0
Point 227 864.0 480.0 1.0 234.0 1.0
Point 228 868.0 480.0 1.0 235.0 1.0
Point 229 870.0 478.0 1.0 236.0 1.0
Point 230 870.0 476.0 1.0 237.0 1.0
Point 231 870.0 476.0 1.0 238.0 1.0
Point 232 868.0 482.0 1.0 239.0 1.0
Point 233 868.0 482.0 1.0 240.0 1.0
Point 234 868.0 482.0 1.0 241.0 1.0
Point 235 868.0 482.0 1.0 242.0 1.0
Point 236 868.0 484.0 1.0 243.0 1.0
Point 237 868.0 484.0 1.0 244.0 1.0
Point 238 862.0 484.0 1.0 245.0 1.0
Point 239 862.0 484.0 1.0 246.0 1.0
Point 240 860.0 480.0 1.0 247.0 1.0
Point 241 866.0 482.0 1.0 248.0 1.0
Point 242 866.0 482.0 1.0 249.0 1.0
Point 243 862.0 484.0 1.0 250.0 1.0
Point 244 862.0 484.0 1.0 251.0 1.0
Point 245 860.0 484.0 1.0 252.0 1.0
Point 246 858.0 490.0 1.0 253.0 1.0
Point 247 854.0 492.0 1.0 254.0 1.0
Point 248 854.0 492.0 1.0 255.0 1.0
Point 249 856.0 484.0 1.0 256.0 1.0
Point 250 856.0 484.0 1.0 257.0 1.0
Point 251 856.0 484.0 1.0 258.0 1.0
Point 252 856.0 484.0 1.0 259.0 1.0
Point 253 856.0 484.0 1.0 260.0 1.0
Point 254 858.0 484.0 1.0 261.0 1.0
Point 255 858.0 484.0 1.0 262.0 1.0
Point 256 860.0 484.0 1.0 263.0 1.0
Point 257 858.0 484.0 1.0 264.0 1.0
Point 258 866.0 484.0 1.0 265.0 1.0
Point 259 868.0 506.0 1.0 266.0 1.0
Point 260 876.0 506.0 1.0 267.0 1.0
Point 261 876.0 506.0 1.0 268.0 1.0
Point 262 880.0 500.0 1.0 269.0 1.0
Point 263 880.0 500.0 1.0 270.0 1.0
Point 264 878.0 500.0 1.0 271.0 1.0
Point 265 882.0 494.0 1.0 272.0 1.0
Point 266 882.0 494.0 1.0 273.0 1.0
Point 267 886.0 492.0 1.0 274.0 1.0
Point 268 886.0 492.0 1.0 275.0 1.0
Point 269 886.0 492.0 1.0 276.0 1.0
Point 270 886.0 486.0 1.0 277.0 1.0
Point 271 886.0 486.0 1.0 278.0 1.0
Point 272 886.0 486.0 1.0 279.0 1.0
Point 273 886.0 486.0 1.0 280.0 1.0
Point 274 886.0 486.0 1.0 281.0 1.0
Point 275 886.0 486.0 1.0 282.0 1.0
Point 276 882.0 480.0 1.0 283.0 1.0
Point 277 880.0 480.0 1.0 284.0 1.0
Point 278 880.0 480.0 1.0 285.0 1.0
Point 279 870.0 474.0 1.0 286.0 1.0
Point 280 870.0 474.0 1.0 287.0 1.0
Point 281 870.0 474.0 1.0 288.0 1.0
Point 282 870.0 478.0 1.0 289.0 1.0
Point 283 870.0 478.0 1.0 290.0 1.0
Point 284 870.0 478.0 1.0 291.0 1.0
Point 285 876.0 470.0 1.0 292.0 1.0
Point 286 878.0 468.0 1.0 293.0 1.0
Point 287 874.0 462.0 1.0 294.0 1.0
Point 288 874.0 462.0 1.0 295.0 1.0
Point 289 874.0 462.0 1.0 296.0 1.0
Point 290 874.0 462.0 1.0 297.0 1.0
Point 291 874.0 462.0 1.0 298.0 1.0
Point 292 874.0 462.0 1.0 299.0 1.0
Point 293 874.0 462.0 1.0 300.0 1.0
Point 294 874.0 462.0 1.0 301.0 1.0
Point 295 878.0 462.0 1.0 302.0 1.0
Point 296 880.0 466.0 1.0 303.0 1.0
Point 297 894.0 470.0 1.0 304.0 1.0
Point 298 894.0 470.0 1.0 305.0 1.0
Point 299 896.0 472.0 1.0 306.0 1.0
Point 300 898.0 472.0 1.0 307.0 1.0
Point 301 898.0 472.0 1.0 308.0 1.0
Point 302 898.0 472.0 1.0 309.0 1.0
Point 303 898.0 472.0 1.0 310.0 1.0
Point 304 902.0 472.0 1.0 311.0 1.0
Point 305 906.0 474.0 1.0 312.0 1.0
Point 306 904.0 476.0 1.0 313.0 1.0
Point 307 906.0 474.0 1.0 314.0 1.0
Point 308 908.0 476.0 1.0 315.0 1.0
Point 309 908.0 476.0 1.0 316.0 1.0
Point 310 908.0 476.0 1.0 317.0 1.0
Point 311 908.0 478.0 1.0 318.0 1.0
Point 312 904.0 480.0 1.0 319.0 1.0
Point 313 904.0 480.0 1.0 320.0 1.0
Point 314 898.0 490.0 1.0 321.0 1.0
Point 315 898.0 490.0 1.0 322.0 1.0
Point 316 896.0 492.0 1.0 323.0 1.0
Point 317 894.0 496.0 1.0 324.0 1.0
Point 318 894.0 494.0 1.0 325.0 1.0
Point 319 894.0 492.0 1.0 326.0 1.0
Point 320 894.0 492.0 1.0 327.0 1.0
Point 321 890.0 492.0 1.0 328.0 1.0
Point 322 890.0 492.0 1.0 329.0 1.0
Point 323 888.0 492.0 1.0 330.0 1.0
Point 324 892.0 490.0 1.0 331.0 1.0
Point 325 894.0 498.0 1.0 332.0 1.0
Point 326 894.0 498.0 1.0 333.0 1.0
Point 327 890.0 498.0 1.0 334.0 1.0
Point 328 892.0 500.0 1.0 335.0 1.0
Point 329 892.0 500.0 1.0 336.0 1.0
Point 330 892.0 500.0 1.0 337.0 1.0
Point 331 898.0 492.0 1.0 338.0 1.0
Point 332 898.0 492.0 1.0 339.0 1.0
Point 333 898.0 492.0 1.0 340.0 1.0
Point 334 898.0 492.0 1.0 341.0 1.0
Point 335 904.0 492.0 1.0 342.0 1.0
Point 336 904.0 492.0 1.0 343.0 1.0
Point 337 910.0 492.0 1.0 344.0 1.0
Point 338 914.0 492.0 1.0 345.0 1.0
Point 339 904.0 492.0 1.0 346.0 1.0
Point 340 914.0 492.0 1.0 347.0 1.0
Point 341 910.0 496.0 1.0 348.0 1.0
Point 342 918.0 494.0 1.0 349.0 1.0
Point 343 918.0 494.0 1.0 350.0 1.0
Point 344 918.0 494.0 1.0 351.0 1.0
Point 345 918.0 494.0 1.0 352.0 1.0
Point 346 916.0 492.0 1.0 353.0 1.0
Track 2 FFFF00 true
Point 1 824.0 440.0 1.0 8.0 1.0
Point 2 822.0 440.0 1.0 9.0 1.0
Point 3 822.0 440.0 1.0 10.0 1.0
Point 4 822.0 440.0 1.0 11.0 1.0
Point 5 822.0 440.0 1.0 12.0 1.0
Point 6 820.0 440.0 1.0 13.0 1.0
Point 7 820.0 440.0 1.0 14.0 1.0
Point 8 820.0 440.0 1.0 15.0 1.0
Point 9 820.0 440.0 1.0 16.0 1.0
Point 10 820.0 440.0 1.0 17.0 1.0
Point 11 820.0 442.0 1.0 18.0 1.0
Point 12 820.0 440.0 1.0 19.0 1.0
Point 13 820.0 440.0 1.0 20.0 1.0
Point 14 818.0 440.0 1.0 21.0 1.0
Point 15 818.0 440.0 1.0 22.0 1.0
Point 16 818.0 440.0 1.0 23.0 1.0
Point 17 814.0 438.0 1.0 24.0 1.0
Point 18 814.0 438.0 1.0 25.0 1.0
Point 19 810.0 438.0 1.0 26.0 1.0
Point 20 810.0 438.0 1.0 27.0 1.0
Point 21 810.0 438.0 1.0 28.0 1.0
Point 22 810.0 434.0 1.0 29.0 1.0
Point 23 816.0 440.0 1.0 30.0 1.0
Point 24 816.0 440.0 1.0 31.0 1.0
Point 25 816.0 444.0 1.0 32.0 1.0
Point 26 820.0 444.0 1.0 33.0 1.0
Point 27 808.0 438.0 1.0 34.0 1.0
Point 28 816.0 436.0 1.0 35.0 1.0
Point 29 816.0 436.0 1.0 36.0 1.0
Point 30 816.0 432.0 1.0 37.0 1.0
Point 31 816.0 438.0 1.0 38.0 1.0
Point 32 818.0 440.0 1.0 39.0 1.0
Point 33 822.0 436.0 1.0 40.0 1.0
Point 34 822.0 434.0 1.0 41.0 1.0
Point 35 822.0 434.0 1.0 42.0 1.0
Point 36 822.0 428.0 1.0 43.0 1.0
Point 37 822.0 428.0 1.0 44.0 1.0
Point 38 822.0 432.0 1.0 45.0 1.0
Point 39 822.0 432.0 1.0 46.0 1.0
Point 40 822.0 432.0 1.0 47.0 1.0
Point 41 822.0 432.0 1.0 48.0 1.0
Point 42 822.0 432.0 1.0 49.0 1.0
Point 43 822.0 432.0 1.0 50.0 1.0
Point 44 822.0 432.0 1.0 51.0 1.0
Point 45 818.0 422.0 1.0 52.0 1.0
Point 46 816.0 422.0 1.0 53.0 1.0
Point 47 816.0 432.0 1.0 54.0 1.0
Point 48 820.0 432.0 1.0 55.0 1.0
Point 49 818.0 432.0 1.0 56.0 1.0
Point 50 816.0 420.0 1.0 57.0 1.0
Point 51 816.0 420.0 1.0 58.0 1.0
Point 52 816.0 420.0 1.0 59.0 1.0
Point 53 816.0 420.0 1.0 60.0 1.0
Point 54 816.0 420.0 1.0 61.0 1.0
Point 55 816.0 420.0 1.0 62.0 1.0
Point 56 816.0 420.0 1.0 63.0 1.0
Point 57 820.0 418.0 1.0 64.0 1.0
Point 58 824.0 416.0 1.0 65.0 1.0
Point 59 824.0 416.0 1.0 66.0 1.0
Point 60 824.0 416.0 1.0 67.0 1.0
Point 61 824.0 422.0 1.0 68.0 1.0
Point 62 824.0 422.0 1.0 69.0 1.0
Point 63 824.0 422.0 1.0 70.0 1.0
Point 64 830.0 420.0 1.0 71.0 1.0
Point 65 838.0 416.0 1.0 72.0 1.0
Point 66 834.0 412.0 1.0 73.0 1.0
Point 67 838.0 408.0 1.0 74.0 1.0
Point 68 832.0 410.0 1.0 75.0 1.0
Point 69 828.0 412.0 1.0 76.0 1.0
Point 70 836.0 402.0 1.0 77.0 1.0
Point 71 834.0 414.0 1.0 78.0 1.0
Point 72 830.0 406.0 1.0 79.0 1.0
Point 73 838.0 410.0 1.0 80.0 1.0
Point 74 836.0 408.0 1.0 81.0 1.0
Point 75 834.0 410.0 1.0 82.0 1.0
Point 76 838.0 402.0 1.0 83.0 1.0
Point 77 838.0 398.0 1.0 84.0 1.0
Point 78 838.0 398.0 1.0 85.0 1.0
Point 79 834.0 404.0 1.0 86.0 1.0
Point 80 842.0 396.0 1.0 87.0 1.0
Point 81 844.0 402.0 1.0 88.0 1.0
Point 82 846.0 400.0 1.0 89.0 1.0
Point 83 846.0 398.0 1.0 90.0 1.0
Point 84 840.0 396.0 1.0 91.0 1.0
Point 85 848.0 396.0 1.0 92.0 1.0
Point 86 848.0 396.0 1.0 93.0 1.0
Point 87 844.0 396.0 1.0 94.0 1.0
Point 88 838.0 396.0 1.0 95.0 1.0
Point 89 838.0 392.0 1.0 96.0 1.0
Point 90 842.0 392.0 1.0 97.0 1.0
Point 91 842.0 392.0 1.0 98.0 1.0
Point 92 826.0 392.0 1.0 99.0 1.0
Point 93 830.0 390.0 1.0 100.0 1.0
Point 94 830.0 390.0 1.0 101.0 1.0
Point 95 830.0 390.0 1.0 102.0 1.0
Point 96 822.0 390.0 1.0 103.0 1.0
Point 97 824.0 396.0 1.0 104.0 1.0
Point 98 830.0 398.0 1.0 105.0 1.0
Point 99 820.0 400.0 1.0 106.0 1.0
Point 100 818.0 392.0 1.0 107.0 1.0
Point 101 816.0 394.0 1.0 108.0 1.0
Point 102 816.0 394.0 1.0 109.0 1.0
Point 103 820.0 396.0 1.0 110.0 1.0
Point 104 820.0 396.0 1.0 111.0 1.0
Point 105 820.0 396.0 1.0 112.0 1.0
Point 106 816.0 396.0 1.0 113.0 1.0
Point 107 816.0 392.0 1.0 114.0 1.0
Point 108 816.0 392.0 1.0 115.0 1.0
Point 109 818.0 392.0 1.0 116.0 1.0
Point 110 826.0 396.0 1.0 117.0 1.0
Point 111 832.0 396.0 1.0 118.0 1.0
Point 112 840.0 396.0 1.0 119.0 1.0
Point 113 832.0 390.0 1.0 120.0 1.0
Point 114 840.0 394.0 1.0 121.0 1.0
Point 115 842.0 394.0 1.0 122.0 1.0
Point 116 844.0 392.0 1.0 123.0 1.0
Point 117 838.0 390.0 1.0 124.0 1.0
Point 118 844.0 388.0 1.0 125.0 1.0
Point 119 842.0 386.0 1.0 126.0 1.0
Point 120 840.0 388.0 1.0 127.0 1.0
Point 121 836.0 386.0 1.0 128.0 1.0
Point 122 836.0 386.0 1.0 129.0 1.0
Point 123 838.0 382.0 1.0 130.0 1.0
Point 124 840.0 376.0 1.0 131.0 1.0
Point 125 840.0 376.0 1.0 132.0 1.0
Point 126 832.0 378.0 1.0 133.0 1.0
Point 127 830.0 380.0 1.0 134.0 1.0
Point 128 826.0 380.0 1.0 135.0 1.0
Point 129 824.0 380.0 1.0 136.0 1.0
Point 130 828.0 380.0 1.0 137.0 1.0
Point 131 832.0 380.0 1.0 138.0 1.0
Point 132 832.0 380.0 1.0 139.0 1.0
Point 133 832.0 380.0 1.0 140.0 1.0
Point 134 838.0 380.0 1.0 141.0 1.0
Point 135 844.0 378.0 1.0 142.0 1.0
Point 136 850.0 374.0 1.0 143.0 1.0
Point 137 850.0 374.0 1.0 144.0 1.0
Point 138 844.0 372.0 1.0 145.0 1.0
Point 139 848.0 372.0 1.0 146.0 1.0
Point 140 846.0 368.0 1.0 147.0 1.0
Point 141 848.0 370.0 1.0 148.0 1.0
Point 142 852.0 370.0 1.0 149.0 1.0
Point 143 852.0 372.0 1.0 150.0 1.0
Point 144 852.0 370.0 1.0 151.0 1.0
Point 145 852.0 370.0 1.0 152.0 1.0
Point 146 854.0 364.0 1.0 153.0 1.0
Point 147 854.0 368.0 1.0 154.0 1.0
Point 148 856.0 370.0 1.0 155.0 1.0
Point 149 854.0 368.0 1.0 156.0 1.0
Point 150 854.0 368.0 1.0 157.0 1.0
Point 151 848.0 364.0 1.0 158.0 1.0
Point 152 856.0 364.0 1.0 159.0 1.0
Point 153 862.0 362.0 1.0 160.0 1.0
Point 154 862.0 362.0 1.0 161.0 1.0
Point 155 858.0 362.0 1.0 162.0 1.0
Point 156 856.0 358.0 1.0 163.0 1.0
Point 157 856.0 358.0 1.0 164.0 1.0
Point 158 856.0 358.0 1.0 165.0 1.0
Point 159 858.0 366.0 1.0 166.0 1.0
Point 160 864.0 354.0 1.0 167.0 1.0
Point 161 864.0 354.0 1.0 168.0 1.0
Point 162 862.0 356.0 1.0 169.0 1.0
Point 163 860.0 356.0 1.0 170.0 1.0
Point 164 854.0 354.0 1.0 171.0 1.0
Point 165 852.0 362.0 1.0 172.0 1.0
Point 166 862.0 352.0 1.0 173.0 1.0
Point 167 856.0 350.0 1.0 174.0 1.0
Point 168 854.0 354.0 1.0 175.0 1.0
Point 169 844.0 354.0 1.0 176.0 1.0
Point 170 844.0 350.0 1.0 177.0 1.0
Point 171 844.0 350.0 1.0 178.0 1.0
Point 172 844.0 348.0 1.0 179.0 1.0
Point 173 842.0 348.0 1.0 180.0 1.0
Point 174 842.0 348.0 1.0 181.0 1.0
Point 175 842.0 348.0 1.0 182.0 1.0
Point 176 842.0 348.0 1.0 183.0 1.0
Point 177 842.0 348.0 1.0 184.0 1.0
Point 178 842.0 348.0 1.0 185.0 1.0
Point 179 840.0 348.0 1.0 186.0 1.0
Point 180 836.0 350.0 1.0 187.0 1.0
Point 181 846.0 350.0 1.0 188.0 1.0
Point 182 846.0 350.0 1.0 189.0 1.0
Point 183 846.0 350.0 1.0 190.0 1.0
Point 184 852.0 352.0 1.0 191.0 1.0
Point 185 848.0 346.0 1.0 192.0 1.0
Point 186 848.0 346.0 1.0 193.0 1.0
Point 187 846.0 346.0 1.0 194.0 1.0
Point 188 852.0 346.0 1.0 195.0 1.0
Point 189 854.0 346.0 1.0 196.0 1.0
Point 190 858.0 344.0 1.0 197.0 1.0
Point 191 860.0 342.0 1.0 198.0 1.0
Point 192 864.0 340.0 1.0 199.0 1.0
Point 193 856.0 326.0 1.0 200.0 1.0
Point 194 856.0 326.0 1.0 201.0 1.0
Point 195 856.0 326.0 1.0 202.0 1.0
Point 196 848.0 326.0 1.0 203.0 1.0
Point 197 848.0 326.0 1.0 204.0 1.0
Point 198 854.0 330.0 1.0 205.0 1.0
Point 199 854.0 324.0 1.0 206.0 1.0
Point 200 854.0 324.0 1.0 207.0 1.0
Point 201 850.0 328.0 1.0 208.0 1.0
Point 202 844.0 320.0 1.0 209.0 1.0
Point 203 844.0 316.0 1.0 210.0 1.0
Point 204 844.0 316.0 1.0 211.0 1.0
Point 205 842.0 314.0 1.0 212.0 1.0
Point 206 842.0 312.0 1.0 213.0 1.0
Point 207 842.0 312.0 1.0 214.0 1.0
Point 208 844.0 308.0 1.0 215.0 1.0
Point 209 846.0 306.0 1.0 216.0 1.0
Point 210 846.0 306.0 1.0 217.0 1.0
Point 211 852.0 306.0 1.0 218.0 1.0
Point 212 852.0 306.0 1.0 219.0 1.0
Point 213 858.0 300.0 1.0 220.0 1.0
Point 214 866.0 296.0 1.0 221.0 1.0
Point 215 862.0 294.0 1.0 222.0 1.0
Point 216 864.0 294.0 1.0 223.0 1.0
Point 217 866.0 294.0 1.0 224.0 1.0
Point 218 868.0 292.0 1.0 225.0 1.0
Point 219 868.0 292.0 1.0 226.0 1.0
Point 220 866.0 292.0 1.0 227.0 1.0
Point 221 870.0 292.0 1.0 228.0 1.0
Point 222 872.0 290.0 1.0 229.0 1.0
Point 223 872.0 288.0 1.0 230.0 1.0
Point 224 872.0 288.0 1.0 231.0 1.0
Point 225 872.0 288.0 1.0 232.0 1.0
Point 226 872.0 288.0 1.0 233.0 1.0
Point 227 872.0 288.0 1.0 234.0 1.0
Point 228 872.0 288.0 1.0 235.0 1.0
Point 229 872.0 288.0 1.0 236.0 1.0
Point 230 872.0 288.0 1.0 237.0 1.0
Point 231 878.0 288.0 1.0 238.0 1.0
Point 232 888.0 284.0 1.0 239.0 1.0
Point 233 874.0 282.0 1.0 240.0 1.0
Point 234 874.0 282.0 1.0 241.0 1.0
Point 235 880.0 286.0 1.0 242.0 1.0
Point 236 874.0 280.0 1.0 243.0 1.0
Point 237 874.0 280.0 1.0 244.0 1.0
Point 238 876.0 280.0 1.0 245.0 1.0
Point 239 882.0 280.0 1.0 246.0 1.0
Point 240 874.0 280.0 1.0 247.0 1.0
Point 241 862.0 284.0 1.0 248.0 1.0
Point 242 852.0 278.0 1.0 249.0 1.0
Point 243 856.0 280.0 1.0 250.0 1.0
Point 244 854.0 278.0 1.0 251.0 1.0
Point 245 852.0 278.0 1.0 252.0 1.0
Point 246 850.0 278.0 1.0 253.0 1.0
Point 247 850.0 278.0 1.0 254.0 1.0
Point 248 850.0 278.0 1.0 255.0 1.0
Point 249 850.0 278.0 1.0 256.0 1.0
Point 250 850.0 274.0 1.0 257.0 1.0
Point 251 844.0 274.0 1.0 258.0 1.0
Point 252 842.0 274.0 1.0 259.0 1.0
Point 253 842.0 274.0 1.0 260.0 1.0
Point 254 834.0 274.0 1.0 261.0 1.0
Point 255 840.0 274.0 1.0 262.0 1.0
Point 256 840.0 274.0 1.0 263.0 1.0
Point 257 842.0 272.0 1.0 264.0 1.0
Point 258 844.0 272.0 1.0 265.0 1.0
Point 259 850.0 268.0 1.0 266.0 1.0
Point 260 856.0 266.0 1.0 267.0 1.0
Point 261 862.0 262.0 1.0 268.0 1.0
Point 262 866.0 260.0 1.0 269.0 1.0
Point 263 866.0 260.0 1.0 270.0 1.0
Point 264 866.0 258.0 1.0 271.0 1.0
Point 265 870.0 254.0 1.0 272.0 1.0
Point 266 876.0 254.0 1.0 273.0 1.0
Point 267 876.0 252.0 1.0 274.0 1.0
Point 268 870.0 248.0 1.0 275.0 1.0
Point 269 870.0 248.0 1.0 276.0 1.0
Point 270 870.0 246.0 1.0 277.0 1.0
Point 271 870.0 240.0 1.0 278.0 1.0
Point 272 870.0 240.0 1.0 279.0 1.0
Point 273 872.0 238.0 1.0 280.0 1.0
Point 274 866.0 230.0 1.0 281.0 1.0
Point 275 864.0 232.0 1.0 282.0 1.0
Point 276 848.0 228.0 1.0 283.0 1.0
Point 277 848.0 228.0 1.0 284.0 1.0
Point 278 850.0 224.0 1.0 285.0 1.0
Point 279 860.0 216.0 1.0 286.0 1.0
Point 280 864.0 212.0 1.0 287.0 1.0
Point 281 868.0 208.0 1.0 288.0 1.0
Point 282 870.0 206.0 1.0 289.0 1.0
Point 283 870.0 206.0 1.0 290.0 1.0
Point 284 870.0 206.0 1.0 291.0 1.0
Point 285 870.0 204.0 1.0 292.0 1.0
Point 286 876.0 200.0 1.0 293.0 1.0
Point 287 876.0 200.0 1.0 294.0 1.0
Point 288 880.0 196.0 1.0 295.0 1.0
Point 289 878.0 194.0 1.0 296.0 1.0
Point 290 878.0 194.0 1.0 297.0 1.0
Point 291 880.0 184.0 1.0 298.0 1.0
Point 292 880.0 184.0 1.0 299.0 1.0
Point 293 886.0 186.0 1.0 300.0 1.0
Point 294 886.0 186.0 1.0 301.0 1.0
Point 295 890.0 186.0 1.0 302.0 1.0
Point 296 892.0 184.0 1.0 303.0 1.0
Point 297 900.0 180.0 1.0 304.0 1.0
Point 298 900.0 180.0 1.0 305.0 1.0
Point 299 904.0 178.0 1.0 306.0 1.0
Point 300 902.0 172.0 1.0 307.0 1.0
Point 301 902.0 172.0 1.0 308.0 1.0
Point 302 904.0 170.0 1.0 309.0 1.0
Point 303 904.0 170.0 1.0 310.0 1.0
Point 304 904.0 168.0 1.0 311.0 1.0
Point 305 912.0 166.0 1.0 312.0 1.0
Point 306 920.0 166.0 1.0 313.0 1.0
Point 307 926.0 160.0 1.0 314.0 1.0
Point 308 926.0 160.0 1.0 315.0 1.0
Point 309 924.0 160.0 1.0 316.0 1.0
Point 310 918.0 164.0 1.0 317.0 1.0
Point 311 918.0 164.0 1.0 318.0 1.0
Point 312 910.0 164.0 1.0 319.0 1.0
Point 313 900.0 162.0 1.0 320.0 1.0
Point 314 900.0 162.0 1.0 321.0 1.0
Point 315 894.0 164.0 1.0 322.0 1.0
Point 316 894.0 164.0 1.0 323.0 1.0
Point 317 894.0 164.0 1.0 324.0 1.0
Point 318 876.0 162.0 1.0 325.0 1.0
Point 319 888.0 156.0 1.0 326.0 1.0
Point 320 888.0 156.0 1.0 327.0 1.0
Point 321 880.0 150.0 1.0 328.0 1.0
Point 322 878.0 150.0 1.0 329.0 1.0
Point 323 874.0 154.0 1.0 330.0 1.0
Point 324 870.0 158.0 1.0 331.0 1.0
Point 325 870.0 158.0 1.0 332.0 1.0
Point 326 870.0 158.0 1.0 333.0 1.0
Point 327 874.0 154.0 1.0 334.0 1.0
Point 328 874.0 154.0 1.0 335.0 1.0
Point 329 874.0 150.0 1.0 336.0 1.0
Point 330 868.0 146.0 1.0 337.0 1.0
Point 331 868.0 140.0 1.0 338.0 1.0
Point 332 868.0 140.0 1.0 339.0 1.0
Point 333 876.0 136.0 1.0 340.0 1.0
Point 334 884.0 132.0 1.0 341.0 1.0
Point 335 884.0 132.0 1.0 342.0 1.0
Point 336 892.0 128.0 1.0 343.0 1.0
Point 337 896.0 126.0 1.0 344.0 1.0
Point 338 902.0 124.0 1.0 345.0 1.0
Point 339 902.0 124.0 1.0 346.0 1.0
Point 340 908.0 124.0 1.0 347.0 1.0
Point 341 912.0 124.0 1.0 348.0 1.0
Point 342 920.0 120.0 1.0 349.0 1.0
Point 343 924.0 116.0 1.0 350.0 1.0
Point 344 918.0 112.0 1.0 351.0 1.0
Point 345 910.0 106.0 1.0 352.0 1.0
Point 346 910.0 106.0 1.0 353.0 1.0
Point 347 908.0 106.0 1.0 354.0 1.0
Point 348 898.0 100.0 1.0 355.0 1.0
Point 349 896.0 100.0 1.0 356.0 1.0
Point 350 896.0 100.0 1.0 357.0 1.0
Point 351 896.0 100.0 1.0 358.0 1.0
Point 352 896.0 100.0 1.0 359.0 1.0
Point 353 910.0 100.0 1.0 360.0 1.0
Point 354 916.0 98.0 1.0 361.0 1.0
Point 355 922.0 94.0 1.0 362.0 1.0
Point 356 924.0 94.0 1.0 363.0 1.0
Point 357 924.0 100.0 1.0 364.0 1.0
Point 358 922.0 104.0 1.0 365.0 1.0
Point 359 922.0 106.0 1.0 366.0 1.0
Point 360 922.0 106.0 1.0 367.0 1.0
End of MTrackJ Data File
