Nr	TID	PID	x [pixel]	y [pixel]	t [sec]	I [val]	Len [pixel]	D2S [pixel]	D2R [pixel]	D2P [pixel]	v [pixel/sec]	α [deg]	Δα [deg]
1	1	1	854.667	546.667	0	180.8	0	0	NA	NA	NA	NA	NA
2	1	2	849.333	546.667	0	41.1	5.333	5.333	NA	5.333	NA	180	NA
3	1	3	850.667	545.333	0	44.1	7.219	4.216	NA	1.886	NA	-45	135
4	1	4	852	545.333	0	37.1	8.552	2.981	NA	1.333	NA	0	45
5	1	5	852	545.333	0	35.1	8.552	2.981	NA	0	NA	0	0
6	1	6	852	545.333	0	35.1	8.552	2.981	NA	0	NA	0	0
7	1	7	852	545.333	0	33.1	8.552	2.981	NA	0	NA	0	0
8	1	8	852	545.333	0	30.1	8.552	2.981	NA	0	NA	0	0
9	1	9	852	545.333	0	28.1	8.552	2.981	NA	0	NA	0	0
10	1	10	856	548	0	166.4	13.36	1.886	NA	4.807	NA	33.69	33.69
11	1	11	849.333	542.667	0	30.5	21.897	6.667	NA	8.537	NA	-141.34	-175.03
12	1	12	849.333	542.667	0	32.6	21.897	6.667	NA	0	NA	0	141.34
13	1	13	849.333	542.667	0	35.2	21.897	6.667	NA	0	NA	0	0
14	1	14	849.333	542.667	0	33.6	21.897	6.667	NA	0	NA	0	0
15	1	15	849.333	542.667	0	32.6	21.897	6.667	NA	0	NA	0	0
16	1	16	849.333	542.667	0	32.6	21.897	6.667	NA	0	NA	0	0
17	1	17	848	542.667	0	36.2	23.231	7.775	NA	1.333	NA	180	180
18	1	18	850.667	545.333	0	35.1	27.002	4.216	NA	3.771	NA	45	-135
19	1	19	850.667	544	0	35.1	28.335	4.807	NA	1.333	NA	-90	-135
20	1	20	850.667	544	0	32.8	28.335	4.807	NA	0	NA	0	90
21	1	21	849.333	544	0	42.1	29.668	5.963	NA	1.333	NA	180	180
22	1	22	849.333	544	0	42.1	29.668	5.963	NA	0	NA	0	-180
23	1	23	849.333	540	0	140.9	33.668	8.537	NA	4	NA	-90	-90
24	1	24	849.333	542.667	0	35.1	36.335	6.667	NA	2.667	NA	90	180
25	1	25	849.333	541.333	0	61.5	37.668	7.542	NA	1.333	NA	-90	-180
26	1	26	849.333	541.333	0	62.9	37.668	7.542	NA	0	NA	0	90
27	1	27	848	540	0	146.9	39.554	9.428	NA	1.886	NA	-135	-135
28	1	28	848	540	0	146.9	39.554	9.428	NA	0	NA	0	135
29	1	29	852	545.333	0	137.6	46.221	2.981	NA	6.667	NA	53.13	53.13
30	1	30	846.667	542.667	0	41.9	52.184	8.944	NA	5.963	NA	-153.435	153.435
31	1	31	848	540	0	118.9	55.165	9.428	NA	2.981	NA	-63.435	90
32	1	32	848	540	0	104.1	55.165	9.428	NA	0	NA	0	63.435
33	1	33	848	540	0	88.4	55.165	9.428	NA	0	NA	0	0
34	1	34	848	540	0	89.5	55.165	9.428	NA	0	NA	0	0
35	1	35	848	540	0	70.1	55.165	9.428	NA	0	NA	0	0
36	1	36	848	540	0	61.9	55.165	9.428	NA	0	NA	0	0
37	1	37	848	544	0	42.1	59.165	7.18	NA	4	NA	90	90
38	1	38	848	544	0	39.8	59.165	7.18	NA	0	NA	0	-90
39	1	39	848	542.667	0	40.9	60.498	7.775	NA	1.333	NA	-90	-90
40	1	40	848	542.667	0	38.6	60.498	7.775	NA	0	NA	0	90
41	1	41	848	542.667	0	37.7	60.498	7.775	NA	0	NA	0	0
42	1	42	848	542.667	0	28.3	60.498	7.775	NA	0	NA	0	0
43	1	43	848	542.667	0	25.9	60.498	7.775	NA	0	NA	0	0
44	1	44	848	542.667	0	29.2	60.498	7.775	NA	0	NA	0	0
45	1	45	848	542.667	0	50.4	60.498	7.775	NA	0	NA	0	0
46	1	46	848	540	0	44.5	63.165	9.428	NA	2.667	NA	-90	-90
47	1	47	848	540	0	40.9	63.165	9.428	NA	0	NA	0	90
48	1	48	845.333	540	0	27.9	65.832	11.47	NA	2.667	NA	180	180
49	1	49	846.667	540	0	37.5	67.165	10.414	NA	1.333	NA	0	-180
50	1	50	846.667	536	0	32.6	71.165	13.333	NA	4	NA	-90	-90
51	1	51	846.667	536	0	39.5	71.165	13.333	NA	0	NA	0	90
52	1	52	846.667	536	0	41.9	71.165	13.333	NA	0	NA	0	0
53	1	53	846.667	538.667	0	25.9	73.832	11.314	NA	2.667	NA	90	90
54	1	54	846.667	538.667	0	33.9	73.832	11.314	NA	0	NA	0	-90
55	1	55	846.667	538.667	0	40.9	73.832	11.314	NA	0	NA	0	0
56	1	56	845.333	537.333	0	39.5	75.717	13.199	NA	1.886	NA	-135	-135
57	1	57	848	536	0	28.8	78.699	12.579	NA	2.981	NA	-26.565	108.435
58	1	58	848	536	0	37.7	78.699	12.579	NA	0	NA	0	26.565
59	1	59	848	536	0	38.7	78.699	12.579	NA	0	NA	0	0
60	1	60	848	536	0	38.7	78.699	12.579	NA	0	NA	0	0
61	1	61	850.667	534.667	0	30.5	81.68	12.649	NA	2.981	NA	-26.565	-26.565
62	1	62	848	533.333	0	42.2	84.662	14.907	NA	2.981	NA	-153.435	-126.87
63	1	63	848	533.333	0	44.5	84.662	14.907	NA	0	NA	0	153.435
64	1	64	848	533.333	0	41.9	84.662	14.907	NA	0	NA	0	0
65	1	65	850.667	532	0	26.9	87.643	15.202	NA	2.981	NA	-26.565	-26.565
66	1	66	850.667	532	0	34.9	87.643	15.202	NA	0	NA	0	26.565
67	1	67	849.333	532	0	34.9	88.976	15.606	NA	1.333	NA	180	180
68	1	68	849.333	532	0	37.5	88.976	15.606	NA	0	NA	0	-180
69	1	69	849.333	532	0	38.5	88.976	15.606	NA	0	NA	0	0
70	1	70	848	532	0	49.2	90.31	16.111	NA	1.333	NA	180	180
71	1	71	852	530.667	0	32.6	94.526	16.221	NA	4.216	NA	-18.435	161.565
72	1	72	852	530.667	0	34.9	94.526	16.221	NA	0	NA	0	18.435
73	1	73	852	530.667	0	34.9	94.526	16.221	NA	0	NA	0	0
74	1	74	852	530.667	0	34.9	94.526	16.221	NA	0	NA	0	0
75	1	75	852	532	0	44.5	95.859	14.907	NA	1.333	NA	90	90
76	1	76	852	532	0	33.9	95.859	14.907	NA	0	NA	0	-90
77	1	77	852	532	0	27.9	95.859	14.907	NA	0	NA	0	0
78	1	78	852	532	0	32.6	95.859	14.907	NA	0	NA	0	0
79	1	79	853.333	534.667	0	26.9	98.841	12.074	NA	2.981	NA	63.435	63.435
80	1	80	854.667	533.333	0	34.9	100.726	13.333	NA	1.886	NA	-45	-108.435
81	1	81	853.333	534.667	0	25.6	102.612	12.074	NA	1.886	NA	135	180
82	1	82	852	533.333	0	32.6	104.498	13.597	NA	1.886	NA	-135	90
83	1	83	852	533.333	0	38.5	104.498	13.597	NA	0	NA	0	135
84	1	84	853.333	534.667	0	47.9	106.383	12.074	NA	1.886	NA	45	45
85	1	85	850.667	532	0	152.5	110.154	15.202	NA	3.771	NA	-135	180
86	1	86	850.667	532	0	158.5	110.154	15.202	NA	0	NA	0	135
87	1	87	850.667	533.333	0	131.5	111.488	13.92	NA	1.333	NA	90	90
88	1	88	850.667	536	0	34.9	114.154	11.392	NA	2.667	NA	90	0
89	1	89	852	537.333	0	33.1	116.04	9.707	NA	1.886	NA	45	-45
90	1	90	850.667	537.333	0	37.5	117.373	10.154	NA	1.333	NA	180	135
91	1	91	853.333	538.667	0	39.8	120.355	8.11	NA	2.981	NA	26.565	-153.435
92	1	92	852	538.667	0	35.1	121.688	8.433	NA	1.333	NA	180	153.435
93	1	93	850.667	537.333	0	28.3	123.574	10.154	NA	1.886	NA	-135	45
94	1	94	850.667	537.333	0	28.1	123.574	10.154	NA	0	NA	0	135
95	1	95	849.333	536	0	129.3	125.459	11.926	NA	1.886	NA	-135	-135
96	1	96	850.667	536	0	119.9	126.793	11.392	NA	1.333	NA	0	135
97	1	97	850.667	536	0	158.1	126.793	11.392	NA	0	NA	0	0
98	1	98	850.667	538.667	0	33.9	129.459	8.944	NA	2.667	NA	90	90
99	1	99	850.667	540	0	41.1	130.793	7.775	NA	1.333	NA	90	0
100	1	100	850.667	540	0	42.1	130.793	7.775	NA	0	NA	0	-90
101	1	101	850.667	541.333	0	40.1	132.126	6.667	NA	1.333	NA	90	90
102	1	102	852	542.667	0	45.7	134.012	4.807	NA	1.886	NA	45	-45
103	1	103	854.667	538.667	0	144.1	138.819	8	NA	4.807	NA	-56.31	-101.31
104	1	104	854.667	538.667	0	118.7	138.819	8	NA	0	NA	0	56.31
105	1	105	854.667	538.667	0	73.2	138.819	8	NA	0	NA	0	0
106	1	106	856	542.667	0	30.1	143.035	4.216	NA	4.216	NA	71.565	71.565
107	1	107	856	540	0	28.1	145.702	6.799	NA	2.667	NA	-90	-161.565
108	1	108	854.667	541.333	0	37.1	147.588	5.333	NA	1.886	NA	135	-135
109	1	109	856	538.667	0	38.8	150.569	8.11	NA	2.981	NA	-63.435	161.565
110	1	110	856	538.667	0	33.9	150.569	8.11	NA	0	NA	0	63.435
111	1	111	860	538.667	0	39.8	154.569	9.615	NA	4	NA	0	0
112	1	112	861.333	538.667	0	32.7	155.903	10.414	NA	1.333	NA	0	0
113	1	113	864	538.667	0	134.1	158.569	12.293	NA	2.667	NA	0	0
114	1	114	862.667	538.667	0	28.9	159.903	11.314	NA	1.333	NA	180	180
115	1	115	864	538.667	0	27.9	161.236	12.293	NA	1.333	NA	0	-180
116	1	116	864	538.667	0	35.1	161.236	12.293	NA	0	NA	0	0
117	1	117	864	537.333	0	34.9	162.569	13.199	NA	1.333	NA	-90	-90
118	1	118	864	533.333	0	160.6	166.569	16.275	NA	4	NA	-90	0
119	1	119	864	533.333	0	72.5	166.569	16.275	NA	0	NA	0	90
120	1	120	865.333	532	0	108.5	168.455	18.135	NA	1.886	NA	-45	-45
121	1	121	864	532	0	32.6	169.788	17.385	NA	1.333	NA	180	-135
122	1	122	864	532	0	38.7	169.788	17.385	NA	0	NA	0	-180
123	1	123	862.667	530.667	0	42.1	171.674	17.889	NA	1.886	NA	-135	-135
124	1	124	862.667	529.333	0	37.5	173.007	19.09	NA	1.333	NA	-90	45
125	1	125	861.333	526.667	0	61.6	175.988	21.082	NA	2.981	NA	-116.565	-26.565
126	1	126	861.333	528	0	39.8	177.322	19.821	NA	1.333	NA	90	-153.435
127	1	127	861.333	525.333	0	83.9	179.988	22.351	NA	2.667	NA	-90	-180
128	1	128	858.667	521.333	0	168.9	184.796	25.647	NA	4.807	NA	-123.69	-33.69
129	1	129	856	526.667	0	40.5	190.759	20.044	NA	5.963	NA	116.565	-119.745
130	1	130	860	525.333	0	36.4	194.975	21.99	NA	4.216	NA	-18.435	-135
131	1	131	857.333	525.333	0	36	197.642	21.499	NA	2.667	NA	180	-161.565
132	1	132	857.333	522.667	0	35.4	200.308	24.148	NA	2.667	NA	-90	90
133	1	133	857.333	521.333	0	54.9	201.642	25.473	NA	1.333	NA	-90	0
134	1	134	858.667	520	0	44.6	203.527	26.965	NA	1.886	NA	-45	45
135	1	135	858.667	520	0	33.7	203.527	26.965	NA	0	NA	0	45
136	1	136	857.333	517.333	0	152.5	206.509	29.454	NA	2.981	NA	-116.565	-116.565
137	1	137	857.333	514.667	0	172.5	209.175	32.111	NA	2.667	NA	-90	26.565
138	1	138	857.333	517.333	0	47.9	211.842	29.454	NA	2.667	NA	90	180
139	1	139	860	517.333	0	36.4	214.509	29.814	NA	2.667	NA	0	-90
140	1	140	857.333	517.333	0	30.5	217.175	29.454	NA	2.667	NA	180	180
141	1	141	856	516	0	60.4	219.061	30.696	NA	1.886	NA	-135	45
142	1	142	861.333	516	0	40.9	224.394	31.383	NA	5.333	NA	0	135
143	1	143	860	516	0	38.2	225.728	31.127	NA	1.333	NA	180	180
144	1	144	862.667	513.333	0	33.9	229.499	34.28	NA	3.771	NA	-45	135
145	1	145	862.667	512	0	55.1	230.832	35.578	NA	1.333	NA	-90	-45
146	1	146	864	510.667	0	116.5	232.718	37.19	NA	1.886	NA	-45	45
147	1	147	866.667	510.667	0	147.9	235.385	37.947	NA	2.667	NA	0	45
148	1	148	868	512	0	34.1	237.27	37.142	NA	1.886	NA	45	45
149	1	149	868	514.667	0	39.7	239.937	34.667	NA	2.667	NA	90	45
150	1	150	868	514.667	0	43.2	239.937	34.667	NA	0	NA	0	-90
151	1	151	868	514.667	0	37.3	239.937	34.667	NA	0	NA	0	0
152	1	152	873.333	516	0	41.9	245.434	35.901	NA	5.497	NA	14.036	14.036
153	1	153	876	514.667	0	39.5	248.416	38.459	NA	2.981	NA	-26.565	-40.601
154	1	154	877.333	516	0	39.5	250.301	38.134	NA	1.886	NA	45	71.565
155	1	155	873.333	514.667	0	35.1	254.518	37.047	NA	4.216	NA	-161.565	153.435
156	1	156	876	514.667	0	39.7	257.184	38.459	NA	2.667	NA	0	161.565
157	1	157	876	514.667	0	36	257.184	38.459	NA	0	NA	0	0
158	1	158	877.333	516	0	40.7	259.07	38.134	NA	1.886	NA	45	45
159	1	159	874.667	514.667	0	35	262.052	37.736	NA	2.981	NA	-153.435	161.565
160	1	160	874.667	514.667	0	35.2	262.052	37.736	NA	0	NA	0	153.435
161	1	161	877.333	517.333	0	45.3	265.823	37.071	NA	3.771	NA	45	45
162	1	162	874.667	520	0	32.9	269.594	33.333	NA	3.771	NA	135	90
163	1	163	877.333	518.667	0	45.6	272.575	36.025	NA	2.981	NA	-26.565	-161.565
164	1	164	877.333	518.667	0	44	272.575	36.025	NA	0	NA	0	26.565
165	1	165	877.333	522.667	0	112.9	276.575	33.012	NA	4	NA	90	90
166	1	166	876	517.333	0	42	282.073	36.271	NA	5.497	NA	-104.036	165.964
167	1	167	874.667	518.667	0	39.6	283.959	34.409	NA	1.886	NA	135	-120.964
168	1	168	877.333	521.333	0	39.8	287.73	33.993	NA	3.771	NA	45	-90
169	1	169	876	521.333	0	39.8	289.063	33.119	NA	1.333	NA	180	135
170	1	170	873.333	522.667	0	45.4	292.044	30.405	NA	2.981	NA	153.435	-26.565
171	1	171	876	522.667	0	30.5	294.711	32.111	NA	2.667	NA	0	-153.435
172	1	172	868	524	0	28.4	302.822	26.297	NA	8.11	NA	170.538	170.538
173	1	173	872	524	0	44.6	306.822	28.535	NA	4	NA	0	-170.538
174	1	174	870.667	521.333	0	42	309.803	29.963	NA	2.981	NA	-116.565	-116.565
175	1	175	873.333	522.667	0	40.5	312.784	30.405	NA	2.981	NA	26.565	143.13
176	1	176	870.667	524	0	43	315.766	27.745	NA	2.981	NA	153.435	126.87
177	1	177	870.667	526.667	0	42.7	318.432	25.612	NA	2.667	NA	90	-63.435
178	1	178	876	526.667	0	39.4	323.766	29.242	NA	5.333	NA	0	-90
179	1	179	872	528	0	25.9	327.982	25.473	NA	4.216	NA	161.565	161.565
180	1	180	873.333	524	0	38.2	332.199	29.364	NA	4.216	NA	-71.565	126.87
181	1	181	876	526.667	0	52	335.97	29.242	NA	3.771	NA	45	116.565
182	1	182	876	525.333	0	45.2	337.303	30.17	NA	1.333	NA	-90	-135
183	1	183	880	526.667	0	46.5	341.519	32.277	NA	4.216	NA	18.435	108.435
184	1	184	882.667	525.333	0	43.1	344.501	35.201	NA	2.981	NA	-26.565	-45
185	1	185	884	528	0	44.3	347.482	34.769	NA	2.981	NA	63.435	90
186	1	186	885.333	526.667	0	34.8	349.368	36.612	NA	1.886	NA	-45	-108.435
187	1	187	888	522.667	0	45.4	354.175	41.074	NA	4.807	NA	-56.31	-11.31
188	1	188	886.667	518.667	0	37.2	358.392	42.521	NA	4.216	NA	-108.435	-52.125
189	1	189	889.333	522.667	0	44.2	363.199	42.164	NA	4.807	NA	56.31	164.745
190	1	190	896	524	0	212.8	369.998	47.14	NA	6.799	NA	11.31	-45
191	1	191	890.667	521.333	0	42.2	375.961	44.02	NA	5.963	NA	-153.435	-164.745
192	1	192	892	520	0	42.2	377.846	45.879	NA	1.886	NA	-45	108.435
193	1	193	894.667	520	0	44	380.513	48.074	NA	2.667	NA	0	45
194	1	194	896	520	0	43.3	381.846	49.189	NA	1.333	NA	0	0
195	1	195	890.667	516	0	36	388.513	47.291	NA	6.667	NA	-143.13	-143.13
196	1	196	892	510.667	0	137.4	394.01	51.863	NA	5.497	NA	-75.964	67.166
197	1	197	889.333	512	0	36.2	396.992	49.026	NA	2.981	NA	153.435	-130.601
198	1	198	888	508	0	92.1	401.208	51.051	NA	4.216	NA	-108.435	98.13
199	1	199	889.333	508	0	28.4	402.542	51.932	NA	1.333	NA	0	108.435
200	1	200	890.667	512	0	41.8	406.758	49.978	NA	4.216	NA	71.565	71.565
201	1	201	892	509.333	0	40.9	409.739	52.797	NA	2.981	NA	-63.435	-135
202	1	202	892	509.333	0	35.9	409.739	52.797	NA	0	NA	0	63.435
203	1	203	886.667	506.667	0	36	415.702	51.225	NA	5.963	NA	-153.435	-153.435
204	1	204	886.667	510.667	0	32.6	419.702	48.166	NA	4	NA	90	-116.565
205	1	205	886.667	506.667	0	38.2	423.702	51.225	NA	4	NA	-90	-180
206	1	206	885.333	506.667	0	32.6	425.036	50.403	NA	1.333	NA	180	-90
207	1	207	882.667	505.333	0	33.7	428.017	49.924	NA	2.981	NA	-153.435	26.565
208	1	208	882.667	505.333	0	34.2	428.017	49.924	NA	0	NA	0	153.435
209	1	209	882.667	508	0	30.5	430.684	47.74	NA	2.667	NA	90	90
210	1	210	882.667	502.667	0	32.7	436.017	52.154	NA	5.333	NA	-90	-180
211	1	211	882.667	504	0	37.2	437.35	51.034	NA	1.333	NA	90	180
212	1	212	884	501.333	0	32.7	440.332	53.996	NA	2.981	NA	-63.435	-153.435
213	1	213	886.667	502.667	0	34.2	443.313	54.406	NA	2.981	NA	26.565	90
214	1	214	886.667	502.667	0	33.6	443.313	54.406	NA	0	NA	0	-26.565
215	1	215	888	502.667	0	31.5	444.646	55.201	NA	1.333	NA	0	0
216	1	216	888	498.667	0	32.9	448.646	58.439	NA	4	NA	-90	-90
217	1	217	890.667	498.667	0	35.2	451.313	60	NA	2.667	NA	0	90
218	1	218	892	500	0	33.8	453.199	59.762	NA	1.886	NA	45	45
219	1	219	894.667	501.333	0	32.8	456.18	60.458	NA	2.981	NA	26.565	-18.435
220	1	220	896	505.333	0	16.2	460.397	58.454	NA	4.216	NA	71.565	45
221	1	221	901.333	504	0	28.2	465.894	63.231	NA	5.497	NA	-14.036	-85.601
222	1	222	904	504	0	30.1	468.561	65.224	NA	2.667	NA	0	14.036
223	1	223	900	501.333	0	35	473.368	64.111	NA	4.807	NA	-146.31	-146.31
224	1	224	904	504	0	38.4	478.175	65.224	NA	4.807	NA	33.69	180
225	1	225	905.333	505.333	0	35.8	480.061	65.388	NA	1.886	NA	45	11.31
226	1	226	905.333	501.333	0	33.9	484.061	67.987	NA	4	NA	-90	-135
227	1	227	904	504	0	35.8	487.043	65.224	NA	2.981	NA	116.565	-153.435
228	1	228	905.333	505.333	0	32.5	488.928	65.388	NA	1.886	NA	45	-71.565
229	1	229	906.667	506.667	0	34	490.814	65.605	NA	1.886	NA	45	0
230	1	230	909.333	506.667	0	34	493.48	67.738	NA	2.667	NA	0	-45
231	1	231	909.333	509.333	0	31.3	496.147	66.198	NA	2.667	NA	90	90
232	1	232	905.333	514.667	0	103.3	502.814	59.926	NA	6.667	NA	126.87	36.87
233	1	233	904	513.333	0	38.4	504.699	59.539	NA	1.886	NA	-135	98.13
234	1	234	908	512	0	33.9	508.916	63.61	NA	4.216	NA	-18.435	116.565
235	1	235	906.667	510.667	0	31.6	510.801	63.246	NA	1.886	NA	-135	-116.565
236	1	236	900	512	0	30.7	517.6	57.069	NA	6.799	NA	168.69	-56.31
237	1	237	905.333	512	0	28.9	522.933	61.391	NA	5.333	NA	0	-168.69
238	1	238	902.667	513.333	0	34.6	525.915	58.439	NA	2.981	NA	153.435	153.435
239	1	239	900	516	0	38.7	529.686	54.732	NA	3.771	NA	135	-18.435
240	1	240	897.333	514.667	0	38.7	532.667	53.333	NA	2.981	NA	-153.435	71.565
241	1	241	902.667	517.333	0	39.8	538.63	56.253	NA	5.963	NA	26.565	180
242	1	242	892	516	0	73.5	549.38	48.314	NA	10.75	NA	-172.875	160.56
243	1	243	896	517.333	0	35.1	553.596	50.684	NA	4.216	NA	18.435	-168.69
244	1	244	898.667	517.333	0	35.1	556.263	52.881	NA	2.667	NA	0	-18.435
245	1	245	900	520	0	34.8	559.244	52.595	NA	2.981	NA	63.435	63.435
246	1	246	904	518.667	0	42.1	563.461	56.725	NA	4.216	NA	-18.435	-81.87
247	1	247	900	518.667	0	32.6	567.461	53.283	NA	4	NA	180	-161.565
248	1	248	905.333	518.667	0	40.1	572.794	57.889	NA	5.333	NA	0	-180
249	1	249	904	521.333	0	36.9	575.776	55.458	NA	2.981	NA	116.565	116.565
250	1	250	905.333	524	0	32.8	578.757	55.506	NA	2.981	NA	63.435	-53.13
251	1	251	908	521.333	0	36.9	582.528	59.044	NA	3.771	NA	-45	-108.435
252	1	252	909.333	520	0	35.9	584.414	60.824	NA	1.886	NA	-45	0
253	1	253	904	518.667	0	34.9	589.911	56.725	NA	5.497	NA	-165.964	-120.964
254	1	254	916	521.333	0	26.9	602.204	66.359	NA	12.293	NA	12.529	178.493
255	1	255	918.667	522.667	0	138.7	605.185	68.352	NA	2.981	NA	26.565	14.036
256	1	256	921.333	520	0	31.5	608.957	71.802	NA	3.771	NA	-45	-71.565
257	1	257	918.667	518.667	0	36.9	611.938	69.857	NA	2.981	NA	-153.435	-108.435
258	1	258	922.667	518.667	0	36.2	615.938	73.539	NA	4	NA	0	153.435
259	1	259	928	516	0	54.6	621.901	79.487	NA	5.963	NA	-26.565	-26.565
260	1	260	921.333	516	0	36.2	628.568	73.382	NA	6.667	NA	180	-153.435
261	1	261	925.333	517.333	0	37.6	632.784	76.513	NA	4.216	NA	18.435	-161.565
262	1	262	924	516	0	37.6	634.67	75.813	NA	1.886	NA	-135	-153.435
263	1	263	925.333	518.667	0	37.2	637.651	76.012	NA	2.981	NA	63.435	-161.565
264	1	264	924	513.333	0	37.4	643.149	76.93	NA	5.497	NA	-104.036	-167.471
265	1	265	922.667	510.667	0	36.1	646.13	76.942	NA	2.981	NA	-116.565	-12.529
266	1	266	921.333	506.667	0	39.4	650.346	77.746	NA	4.216	NA	-108.435	8.13
267	1	267	924	506.667	0	40.9	653.013	80.044	NA	2.667	NA	0	108.435
268	1	268	918.667	506.667	0	37.4	658.346	75.472	NA	5.333	NA	180	180
269	1	269	918.667	506.667	0	38.4	658.346	75.472	NA	0	NA	0	-180
270	1	270	917.333	504	0	38.8	661.328	75.813	NA	2.981	NA	-116.565	-116.565
271	1	271	918.667	505.333	0	38.8	663.213	76.187	NA	1.886	NA	45	161.565
272	1	272	920	502.667	0	38.6	666.195	78.768	NA	2.981	NA	-63.435	-108.435
273	1	273	916	502.667	0	38.4	670.195	75.484	NA	4	NA	180	-116.565
274	1	274	914.667	504	0	40.5	672.08	73.624	NA	1.886	NA	135	-45
275	1	275	914.667	500	0	38.4	676.08	76.012	NA	4	NA	-90	135
276	1	276	916	496	0	32.7	680.297	79.554	NA	4.216	NA	-71.565	18.435
277	1	277	912	500	0	43.1	685.954	73.925	NA	5.657	NA	135	-153.435
278	1	278	913.333	496	0	38.8	690.17	77.517	NA	4.216	NA	-71.565	153.435
279	1	279	916	500	0	41.1	694.977	77.069	NA	4.807	NA	56.31	127.875
280	1	280	913.333	498.667	0	42.1	697.959	75.801	NA	2.981	NA	-153.435	150.255
281	1	281	916	498.667	0	43.1	700.626	77.883	NA	2.667	NA	0	153.435
282	1	282	921.333	497.333	0	41.1	706.123	82.935	NA	5.497	NA	-14.036	-14.036
283	1	283	920	497.333	0	39.5	707.456	81.867	NA	1.333	NA	180	-165.964
284	1	284	921.333	496	0	39.5	709.342	83.735	NA	1.886	NA	-45	135
285	1	285	922.667	496	0	41.1	710.675	84.8	NA	1.333	NA	0	45
286	1	286	925.333	496	0	42.1	713.342	86.953	NA	2.667	NA	0	0
287	1	287	929.333	497.333	0	42.1	717.558	89.492	NA	4.216	NA	18.435	18.435
288	1	288	930.667	496	0	42.1	719.444	91.341	NA	1.886	NA	-45	-63.435
289	1	289	932	496	0	42.1	720.777	92.453	NA	1.333	NA	0	45
290	1	290	934	498	0	43.1	723.606	93.071	NA	2.828	NA	45	45
291	1	291	938	500	0	45.4	728.078	95.51	NA	4.472	NA	26.565	-18.435
292	1	292	944	500	0	45.4	734.078	100.788	NA	6	NA	0	-26.565
293	1	293	940	502	0	47.5	738.55	96.317	NA	4.472	NA	153.435	153.435
294	1	294	944	504	0	47.7	743.022	98.999	NA	4.472	NA	26.565	-126.87
295	1	295	944	506	0	48.5	745.022	98.154	NA	2	NA	90	63.435
296	1	296	944	506	0	47.8	745.022	98.154	NA	0	NA	0	-90
297	1	297	946	504	0	48	747.851	100.808	NA	2.828	NA	-45	-45
298	1	298	940	510	0	53.5	756.336	92.877	NA	8.485	NA	135	180
299	1	299	940	508	0	48.7	758.336	93.685	NA	2	NA	-90	135
300	1	300	944	508	0	47.9	762.336	97.342	NA	4	NA	0	90
301	1	301	938	506	0	48.1	768.66	92.727	NA	6.325	NA	-161.565	-161.565
302	1	302	940	510	0	51.6	773.132	92.877	NA	4.472	NA	63.435	-135
303	1	303	940	508	0	49.1	775.132	93.685	NA	2	NA	-90	-153.435
304	1	304	940	508	0	49.1	775.132	93.685	NA	0	NA	0	90
305	1	305	940	516	0	45.6	783.132	90.676	NA	8	NA	90	90
306	1	306	936	512	0	50.2	788.789	88.413	NA	5.657	NA	-135	135
307	1	307	934	512	0	52.6	790.789	86.577	NA	2	NA	180	-45
308	1	308	932	514	0	52.8	793.618	83.95	NA	2.828	NA	135	-45
309	1	309	932	516	0	51.4	795.618	83.192	NA	2	NA	90	-45
310	1	310	928	518	0	58.4	800.09	78.737	NA	4.472	NA	153.435	63.435
311	1	311	934	518	0	56	806.09	84.354	NA	6	NA	0	-153.435
312	1	312	934	518	0	56	806.09	84.354	NA	0	NA	0	0
313	1	313	940	518	0	61	812.09	90.02	NA	6	NA	0	0
314	1	314	938	514	0	54.7	816.562	89.507	NA	4.472	NA	-116.565	-116.565
315	1	315	940	518	0	57.2	821.034	90.02	NA	4.472	NA	63.435	180
316	1	316	944	518	0	58.4	825.034	93.82	NA	4	NA	0	-63.435
317	1	317	944	518	0	54.8	825.034	93.82	NA	0	NA	0	0
318	1	318	954	516	0	119.1	835.232	103.959	NA	10.198	NA	-11.31	-11.31
319	1	320	956	520	0	106.4	839.704	104.783	NA	4.472	NA	63.435	74.745
320	1	321	958	518	0	60.9	842.533	107.236	NA	2.828	NA	-45	-108.435
321	1	322	960	518	0	52.4	844.533	109.165	NA	2	NA	0	45
322	1	323	960	518	0	58.2	844.533	109.165	NA	0	NA	0	0
323	1	324	964	516	0	55.9	849.005	113.553	NA	4.472	NA	-26.565	-26.565
324	1	325	966	516	0	57.2	851.005	115.48	NA	2	NA	0	26.565
325	1	326	974	514	0	55.9	859.251	123.724	NA	8.246	NA	-14.036	-14.036
326	1	327	972	514	0	57	861.251	121.796	NA	2	NA	180	-165.964
327	1	328	974	504	0	58.4	871.449	126.732	NA	10.198	NA	-78.69	101.31
328	1	329	976	504	0	58.4	873.449	128.617	NA	2	NA	0	78.69
329	1	330	972	502	0	61	877.921	125.548	NA	4.472	NA	-153.435	-153.435
330	1	331	976	500	0	58.4	882.393	129.998	NA	4.472	NA	-26.565	126.87
331	1	332	964	496	0	52.7	895.043	120.503	NA	12.649	NA	-161.565	-135
332	1	333	962	496	0	55.9	897.043	118.691	NA	2	NA	180	-18.435
333	1	334	960	494	0	55.9	899.871	117.766	NA	2.828	NA	-135	45
334	1	335	966	494	0	59.4	905.871	123.162	NA	6	NA	0	135
335	1	336	960	498	0	59.4	913.082	116.033	NA	7.211	NA	146.31	146.31
336	1	337	962	498	0	61.5	915.082	117.851	NA	2	NA	0	-146.31
337	1	338	964	492	0	59.6	921.407	122.238	NA	6.325	NA	-71.565	-71.565
338	1	339	972	492	0	57.4	929.407	129.443	NA	8	NA	0	71.565
339	1	340	970	494	0	59.4	932.235	126.789	NA	2.828	NA	135	135
340	1	341	970	494	0	59.4	932.235	126.789	NA	0	NA	0	-135
341	1	342	970	484	0	55.5	942.235	131.259	NA	10	NA	-90	-90
342	1	343	970	482	0	55.9	944.235	132.225	NA	2	NA	-90	0
343	1	344	964	480	0	49.1	950.56	128.056	NA	6.325	NA	-161.565	-71.565
344	1	345	960	474	0	41.9	957.771	127.967	NA	7.211	NA	-123.69	37.875
345	1	346	964	474	0	49.1	961.771	131.279	NA	4	NA	0	123.69
346	1	347	974	476	0	58.4	971.969	138.687	NA	10.198	NA	11.31	11.31
347	1	348	966	476	0	53.9	979.969	131.867	NA	8	NA	180	168.69
348	1	349	976	470	0	65.4	991.631	143.525	NA	11.662	NA	-30.964	149.036
349	1	350	968	472	0	58.6	999.877	135.719	NA	8.246	NA	165.964	-163.072
350	1	351	972	472	0	61.9	1003.877	139.076	NA	4	NA	0	-165.964
351	1	352	970	472	0	58.6	1005.877	137.393	NA	2	NA	180	180
352	1	353	978	472	0	59.4	1013.877	144.174	NA	8	NA	0	-180
353	1	354	978	474	0	62.5	1015.877	143.149	NA	2	NA	90	90
354	1	355	976	472	0	59.4	1018.705	142.467	NA	2.828	NA	-135	135
355	1	356	976	472	0	54.7	1018.705	142.467	NA	0	NA	0	135
356	1	357	980	472	0	57.4	1022.705	145.889	NA	4	NA	0	0
357	1	358	990	472	0	62.8	1032.705	154.565	NA	10	NA	0	0
358	1	359	988	474	0	63.1	1035.534	151.849	NA	2.828	NA	135	135
359	1	360	996	480	0	71	1045.534	156.268	NA	10	NA	36.87	-98.13
360	1	361	994	478	0	61.5	1048.362	155.335	NA	2.828	NA	-135	-171.87
361	1	362	996	476	0	56.1	1051.191	158.015	NA	2.828	NA	-45	90
362	1	363	1002	482	0	62.5	1059.676	160.9	NA	8.485	NA	45	90
363	1	364	1004	480	0	63.1	1062.504	163.539	NA	2.828	NA	-45	-90
364	1	365	1002	476	0	63.1	1066.976	163.404	NA	4.472	NA	-116.565	-71.565
365	1	366	996	482	0	57.1	1075.462	155.425	NA	8.485	NA	135	-108.435
366	1	367	996	478	0	57.4	1079.462	157.131	NA	4	NA	-90	135
367	1	368	998	488	0	55.9	1089.66	154.875	NA	10.198	NA	78.69	168.69
368	1	369	1000	484	0	60.5	1094.132	158.268	NA	4.472	NA	-63.435	-142.125
369	1	370	1000	482	0	63.1	1096.132	159.071	NA	2	NA	-90	-26.565
370	1	371	1000	484	0	57.9	1098.132	158.268	NA	2	NA	90	180
371	1	372	1000	488	0	56.1	1102.132	156.728	NA	4	NA	90	0
372	1	373	1000	494	0	55.9	1108.132	154.582	NA	6	NA	90	0
373	1	374	1006	498	0	62.9	1115.343	158.966	NA	7.211	NA	33.69	-56.31
374	1	375	1006	498	0	73.1	1115.343	158.966	NA	0	NA	0	-33.69
375	1	376	1008	496	0	64.1	1118.171	161.488	NA	2.828	NA	-45	-45
376	1	377	1006	498	0	57.9	1121	158.966	NA	2.828	NA	135	180
377	1	378	1002	500	0	52.8	1125.472	154.547	NA	4.472	NA	153.435	18.435
378	1	379	1002	496	0	52.4	1129.472	155.802	NA	4	NA	-90	116.565
379	1	380	1006	496	0	54.7	1133.472	159.59	NA	4	NA	0	90
380	1	381	1006	498	0	54.4	1135.472	158.966	NA	2	NA	90	90
381	1	382	1004	500	0	52.4	1138.3	156.455	NA	2.828	NA	135	45
382	1	383	998	504	0	55.9	1145.512	149.549	NA	7.211	NA	146.31	11.31
383	1	384	1004	500	0	52.4	1152.723	156.455	NA	7.211	NA	-33.69	-180
384	1	385	1006	502	0	57.5	1155.551	157.787	NA	2.828	NA	45	78.69
385	1	386	998	500	0	55.1	1163.797	150.739	NA	8.246	NA	-165.964	149.036
386	1	387	1006	502	0	54.6	1172.043	157.787	NA	8.246	NA	14.036	180
387	1	388	1010	500	0	57.5	1176.516	162.192	NA	4.472	NA	-26.565	-40.601
388	1	389	1012	502	0	58.5	1179.344	163.551	NA	2.828	NA	45	71.565
389	1	390	1006	504	0	51.5	1185.669	157.233	NA	6.325	NA	161.565	116.565
390	1	391	1006	498	0	55.1	1191.669	158.966	NA	6	NA	-90	108.435
391	1	392	1010	500	0	55.1	1196.141	162.192	NA	4.472	NA	26.565	116.565
392	1	393	1008	500	0	55.1	1198.141	160.278	NA	2	NA	180	153.435
393	1	394	1014	498	0	55.1	1204.465	166.6	NA	6.325	NA	-18.435	161.565
394	2	1	856	428	0	46.9	0	0	NA	NA	NA	NA	NA
395	2	2	856	426	0	39.6	2	2	NA	2	NA	-90	NA
396	2	3	856	426	0	44.3	2	2	NA	0	NA	0	90
397	2	4	856	426	0	44.5	2	2	NA	0	NA	0	0
398	2	5	856	426	0	39.3	2	2	NA	0	NA	0	0
399	2	6	858	424	0	164.3	4.828	4.472	NA	2.828	NA	-45	-45
400	2	7	856	426	0	37.5	7.657	2	NA	2.828	NA	135	180
401	2	8	856	426	0	40.9	7.657	2	NA	0	NA	0	-135
402	2	9	852	424	0	45.4	12.129	5.657	NA	4.472	NA	-153.435	-153.435
403	2	10	860	424	0	187.3	20.129	5.657	NA	8	NA	0	153.435
404	2	11	857.333	428	0	190.9	24.936	1.333	NA	4.807	NA	123.69	123.69
405	2	12	858.667	429.333	0	215.5	26.822	2.981	NA	1.886	NA	45	-78.69
406	2	13	856	426.667	0	129.5	30.593	1.333	NA	3.771	NA	-135	180
407	2	14	854.667	428	0	138.7	32.479	1.333	NA	1.886	NA	135	-90
408	2	15	854.667	425.333	0	42.1	35.146	2.981	NA	2.667	NA	-90	135
409	2	16	853.333	428	0	47.5	38.127	2.667	NA	2.981	NA	116.565	-153.435
410	2	17	853.333	428	0	54.6	38.127	2.667	NA	0	NA	0	-116.565
411	2	18	856	425.333	0	149.1	41.898	2.667	NA	3.771	NA	-45	-45
412	2	19	856	426.667	0	187.7	43.232	1.333	NA	1.333	NA	90	135
413	2	20	856	426.667	0	183.1	43.232	1.333	NA	0	NA	0	-90
414	2	21	856	426.667	0	185.1	43.232	1.333	NA	0	NA	0	0
415	2	22	856	426.667	0	183.3	43.232	1.333	NA	0	NA	0	0
416	2	23	853.333	424	0	41.6	47.003	4.807	NA	3.771	NA	-135	-135
417	2	24	853.333	424	0	47.6	47.003	4.807	NA	0	NA	0	135
418	2	25	854.667	426.667	0	143.2	49.984	1.886	NA	2.981	NA	63.435	63.435
419	2	26	854.667	425.333	0	67.4	51.318	2.981	NA	1.333	NA	-90	-153.435
420	2	27	854.667	425.333	0	67.4	51.318	2.981	NA	0	NA	0	90
421	2	28	853.333	428	0	52.3	54.299	2.667	NA	2.981	NA	116.565	116.565
422	2	29	853.333	425.333	0	43.2	56.966	3.771	NA	2.667	NA	-90	153.435
423	2	30	853.333	425.333	0	50	56.966	3.771	NA	0	NA	0	90
424	2	31	853.333	425.333	0	49.8	56.966	3.771	NA	0	NA	0	0
425	2	32	853.333	425.333	0	47.8	56.966	3.771	NA	0	NA	0	0
426	2	33	853.333	425.333	0	51.5	56.966	3.771	NA	0	NA	0	0
427	2	34	853.333	426.667	0	43	58.299	2.981	NA	1.333	NA	90	90
428	2	35	850.667	425.333	0	49	61.28	5.963	NA	2.981	NA	-153.435	116.565
429	2	36	857.333	424	0	195.5	68.079	4.216	NA	6.799	NA	-11.31	142.125
430	2	37	856	426.667	0	194.5	71.06	1.333	NA	2.981	NA	116.565	127.875
431	2	38	856	426.667	0	193.3	71.06	1.333	NA	0	NA	0	-116.565
432	2	39	856	429.333	0	195.9	73.727	1.333	NA	2.667	NA	90	90
433	2	40	854.667	429.333	0	192.3	75.06	1.886	NA	1.333	NA	180	90
434	2	41	850.667	432	0	179.8	79.868	6.667	NA	4.807	NA	146.31	-33.69
435	2	42	853.333	426.667	0	89.8	85.831	2.981	NA	5.963	NA	-63.435	150.255
436	2	43	852	426.667	0	74.2	87.164	4.216	NA	1.333	NA	180	-116.565
437	2	44	850.667	428	0	193.7	89.05	5.333	NA	1.886	NA	135	-45
438	2	45	857.333	429.333	0	214.2	95.848	1.886	NA	6.799	NA	11.31	-123.69
439	2	46	857.333	430.667	0	163.1	97.182	2.981	NA	1.333	NA	90	78.69
440	2	47	849.333	429.333	0	177.1	105.292	6.799	NA	8.11	NA	-170.538	99.462
441	2	48	856	429.333	0	182.9	111.959	1.333	NA	6.667	NA	0	170.538
442	2	49	854.667	428	0	186.4	113.844	1.333	NA	1.886	NA	-135	-135
443	2	50	856	424	0	197	118.061	4	NA	4.216	NA	-71.565	63.435
444	2	51	853.333	418.667	0	49	124.024	9.707	NA	5.963	NA	-116.565	-45
445	2	52	852	418.667	0	51	125.357	10.154	NA	1.333	NA	180	-63.435
446	2	53	853.333	418.667	0	54.8	126.69	9.707	NA	1.333	NA	0	-180
447	2	54	850.667	418.667	0	51.4	129.357	10.75	NA	2.667	NA	180	180
448	2	55	854.667	418.667	0	68.7	133.357	9.428	NA	4	NA	0	-180
449	2	56	854.667	418.667	0	74.2	133.357	9.428	NA	0	NA	0	0
450	2	57	854.667	418.667	0	57.2	133.357	9.428	NA	0	NA	0	0
451	2	58	854.667	418.667	0	44.4	133.357	9.428	NA	0	NA	0	0
452	2	59	854.667	418.667	0	47.5	133.357	9.428	NA	0	NA	0	0
453	2	60	854.667	418.667	0	51.2	133.357	9.428	NA	0	NA	0	0
454	2	61	854.667	418.667	0	49.3	133.357	9.428	NA	0	NA	0	0
455	2	62	854.667	418.667	0	51.7	133.357	9.428	NA	0	NA	0	0
456	2	63	852	418.667	0	173.5	136.024	10.154	NA	2.667	NA	180	180
457	2	64	852	418.667	0	218.9	136.024	10.154	NA	0	NA	0	-180
458	2	65	853.333	421.333	0	234.1	139.005	7.18	NA	2.981	NA	63.435	63.435
459	2	66	857.333	418.667	0	56.1	143.812	9.428	NA	4.807	NA	-33.69	-97.125
460	2	67	854.667	418.667	0	107.5	146.479	9.428	NA	2.667	NA	180	-146.31
461	2	68	857.333	416	0	45.5	150.25	12.074	NA	3.771	NA	-45	135
462	2	69	857.333	416	0	35.9	150.25	12.074	NA	0	NA	0	45
463	2	70	857.333	416	0	53.5	150.25	12.074	NA	0	NA	0	0
464	2	71	857.333	421.333	0	186.2	155.584	6.799	NA	5.333	NA	90	90
465	2	72	854.667	420	0	228.7	158.565	8.11	NA	2.981	NA	-153.435	116.565
466	2	73	857.333	417.333	0	226.1	162.336	10.75	NA	3.771	NA	-45	108.435
467	2	74	858.667	417.333	0	119.1	163.67	10.995	NA	1.333	NA	0	45
468	2	75	864	413.333	0	46.5	170.336	16.707	NA	6.667	NA	-36.87	-36.87
469	2	76	861.333	416	0	54.5	174.108	13.132	NA	3.771	NA	135	171.87
470	2	77	861.333	416	0	124.5	174.108	13.132	NA	0	NA	0	-135
471	2	78	866.667	413.333	0	42.1	180.07	18.135	NA	5.963	NA	-26.565	-26.565
472	2	79	864	416	0	58.3	183.842	14.422	NA	3.771	NA	135	161.565
473	2	80	864	414.667	0	67.4	185.175	15.549	NA	1.333	NA	-90	135
474	2	81	864	421.333	0	162	191.842	10.414	NA	6.667	NA	90	180
475	2	82	870.667	418.667	0	191	199.022	17.385	NA	7.18	NA	-21.801	-111.801
476	2	83	864	414.667	0	232.9	206.796	15.549	NA	7.775	NA	-149.036	-127.235
477	2	84	873.333	413.333	0	108.1	216.225	22.706	NA	9.428	NA	-8.13	140.906
478	2	85	872	413.333	0	31.7	217.558	21.705	NA	1.333	NA	180	-171.87
479	2	86	872	413.333	0	32.8	217.558	21.705	NA	0	NA	0	-180
480	2	87	869.5	413.833	0	41.7	220.107	19.569	NA	2.55	NA	168.69	168.69
481	2	88	867.5	413.833	0	44.4	222.107	18.247	NA	2	NA	180	11.31
482	2	89	865.5	414.5	0	27	224.216	16.508	NA	2.108	NA	161.565	-18.435
483	2	90	866.833	414.5	0	40	225.549	17.309	NA	1.333	NA	0	-161.565
484	2	91	864.833	414.5	0	43.2	227.549	16.133	NA	2	NA	180	180
485	2	92	862.833	414.5	0	34	229.549	15.131	NA	2	NA	180	0
486	2	93	862.167	414.5	0	37	230.216	14.842	NA	0.667	NA	180	0
487	2	94	862.167	414.5	0	42.2	230.216	14.842	NA	0	NA	0	-180
488	2	95	861.5	414.5	0	52.2	230.882	14.577	NA	0.667	NA	180	180
489	2	96	858.833	413.167	0	75.8	233.864	15.102	NA	2.981	NA	-153.435	26.565
490	2	97	856.167	413.167	0	238.6	236.53	14.834	NA	2.667	NA	180	-26.565
491	2	98	854.833	413.833	0	237.4	238.021	14.215	NA	1.491	NA	153.435	-26.565
492	2	99	854.833	415.167	0	115	239.354	12.886	NA	1.333	NA	90	-63.435
493	2	100	856.833	415.167	0	51	241.354	12.86	NA	2	NA	0	-90
494	2	101	853.5	414.5	0	48	244.754	13.73	NA	3.399	NA	-168.69	-168.69
495	2	102	853.5	414.5	0	48	244.754	13.73	NA	0	NA	0	168.69
496	2	103	852.833	413.167	0	45.5	246.244	15.168	NA	1.491	NA	-116.565	-116.565
497	2	104	852.167	412.5	0	52.5	247.187	15.967	NA	0.943	NA	-135	-18.435
498	2	105	850.833	411.833	0	55.6	248.678	16.972	NA	1.491	NA	-153.435	-18.435
499	2	106	854.167	411.167	0	48.7	252.077	16.933	NA	3.399	NA	-11.31	142.125
500	2	107	852.167	411.167	0	54	254.077	17.264	NA	2	NA	180	-168.69
501	2	108	853.5	412.5	0	43.2	255.963	15.7	NA	1.886	NA	45	-135
502	2	109	854.833	413.167	0	36.4	257.454	14.879	NA	1.491	NA	26.565	-18.435
503	2	110	854.167	408.5	0	46.7	262.168	19.586	NA	4.714	NA	-98.13	-124.695
504	2	111	856.833	410.5	0	81.4	265.501	17.52	NA	3.333	NA	36.87	135
505	2	112	854.167	407.167	0	63.9	269.77	20.914	NA	4.269	NA	-128.66	-165.53
506	2	113	852.833	409.167	0	51.2	272.173	19.098	NA	2.404	NA	123.69	-107.65
507	2	114	854.167	409.833	0	42	273.664	18.259	NA	1.491	NA	26.565	-97.125
508	2	115	855.5	409.167	0	40	275.155	18.84	NA	1.491	NA	-26.565	-53.13
509	2	116	858.167	406.5	0	35.1	278.926	21.609	NA	3.771	NA	-45	-18.435
510	2	117	856.833	405.833	0	35.2	280.417	22.182	NA	1.491	NA	-153.435	-108.435
511	2	118	858.833	404.5	0	29.2	282.821	23.67	NA	2.404	NA	-33.69	119.745
512	2	119	858.167	403.167	0	51.4	284.311	24.928	NA	1.491	NA	-116.565	-82.875
513	2	120	858.833	402.5	0	33.9	285.254	25.657	NA	0.943	NA	-45	71.565
514	2	121	859.5	402.5	0	37.2	285.921	25.739	NA	0.667	NA	0	45
515	2	122	859.5	400.5	0	46.5	287.921	27.722	NA	2	NA	-90	-90
516	2	123	859.5	398.5	0	46.9	289.921	29.707	NA	2	NA	-90	0
517	2	124	859.5	396.5	0	50.2	291.921	31.694	NA	2	NA	-90	0
518	2	125	856.833	395.167	0	47.5	294.902	32.844	NA	2.981	NA	-153.435	-63.435
519	2	126	855.5	394.5	0	54.9	296.393	33.504	NA	1.491	NA	-153.435	0
520	2	127	854.167	393.167	0	62.9	298.278	34.882	NA	1.886	NA	-135	18.435
521	2	128	855.5	391.167	0	44.2	300.682	36.837	NA	2.404	NA	-56.31	78.69
522	2	129	855.5	389.167	0	57.4	302.682	38.837	NA	2	NA	-90	-33.69
523	2	130	855.5	387.167	0	60.8	304.682	40.836	NA	2	NA	-90	0
524	2	131	855.5	387.167	0	38.6	304.682	40.836	NA	0	NA	0	90
525	2	132	855.5	385.833	0	38.6	306.015	42.17	NA	1.333	NA	-90	-90
526	2	133	854.167	385.167	0	47.5	307.506	42.873	NA	1.491	NA	-153.435	-63.435
527	2	134	854.167	384.5	0	38.2	308.173	43.539	NA	0.667	NA	-90	63.435
528	2	135	855.5	381.833	0	52.6	311.154	46.169	NA	2.981	NA	-63.435	26.565
529	2	136	855.5	381.833	0	42.9	311.154	46.169	NA	0	NA	0	63.435
530	2	137	854.167	380.5	0	46.9	313.04	47.535	NA	1.886	NA	-135	-135
531	2	138	856.167	378.5	0	44.2	315.868	49.5	NA	2.828	NA	-45	90
532	2	139	860.167	379.167	0	54.9	319.924	49.011	NA	4.055	NA	9.462	54.462
533	2	140	857.5	377.833	0	39.7	322.905	50.189	NA	2.981	NA	-153.435	-162.897
534	2	141	860.833	377.167	0	41.9	326.304	51.063	NA	3.399	NA	-11.31	142.125
535	2	142	862.833	376.5	0	31.6	328.412	51.951	NA	2.108	NA	-18.435	-7.125
536	2	143	864.167	376.5	0	40.7	329.746	52.143	NA	1.333	NA	0	18.435
537	2	144	864.167	375.167	0	38.4	331.079	53.461	NA	1.333	NA	-90	-90
538	2	145	864.167	371.167	0	45.4	335.079	57.417	NA	4	NA	-90	0
539	2	146	862.167	370.5	0	53.5	337.187	57.83	NA	2.108	NA	-161.565	-71.565
540	2	147	860.167	368.5	0	53.5	340.016	59.646	NA	2.828	NA	-135	26.565
541	2	148	862.833	369.833	0	38.2	342.997	58.567	NA	2.981	NA	26.565	161.565
542	2	149	867.5	369.833	0	26.1	347.664	59.293	NA	4.667	NA	0	-26.565
543	2	150	864.833	367.833	0	36.4	350.997	60.812	NA	3.333	NA	-143.13	-143.13
544	2	151	868.833	367.833	0	36	354.997	61.52	NA	4	NA	0	143.13
545	2	152	870.833	368.5	0	29	357.105	61.321	NA	2.108	NA	18.435	18.435
546	2	153	870.833	365.833	0	33.5	359.772	63.912	NA	2.667	NA	-90	-108.435
547	2	154	874.833	365.833	0	33.7	363.772	64.957	NA	4	NA	0	90
548	2	155	875.5	366.5	0	36.2	364.715	64.517	NA	0.943	NA	45	45
549	2	156	878.833	368.5	0	38.2	368.602	63.731	NA	3.887	NA	30.964	-14.036
550	2	157	882.167	368.5	0	31.4	371.935	65	NA	3.333	NA	0	-30.964
551	2	158	884.167	368.5	0	40.9	373.935	65.83	NA	2	NA	0	0
552	2	159	884.833	367.167	0	33.5	375.426	67.321	NA	1.491	NA	-63.435	-63.435
553	2	160	885.5	365.833	0	36.4	376.917	68.811	NA	1.491	NA	-63.435	0
554	2	161	886.167	365.833	0	38.6	377.584	69.099	NA	0.667	NA	0	63.435
555	2	162	890.833	365.167	0	91.1	382.298	71.843	NA	4.714	NA	-8.13	-8.13
556	2	163	887.5	365.833	0	37.4	385.697	69.692	NA	3.399	NA	168.69	176.82
557	2	164	890.833	365.833	0	36.1	389.03	71.26	NA	3.333	NA	0	-168.69
558	2	165	889.5	365.833	0	40.9	390.364	70.618	NA	1.333	NA	180	180
559	2	166	891.5	365.833	0	38.8	392.364	71.589	NA	2	NA	0	-180
560	2	167	891.5	365.167	0	37.6	393.03	72.168	NA	0.667	NA	-90	-90
561	2	168	891.5	366.5	0	39.9	394.364	71.011	NA	1.333	NA	90	180
562	2	169	893.5	366.5	0	34.9	396.364	72.031	NA	2	NA	0	-90
563	2	170	892.167	365.167	0	30.6	398.249	72.499	NA	1.886	NA	-135	-135
564	2	171	888.833	363.833	0	39.6	401.839	72.079	NA	3.59	NA	-158.199	-23.199
565	2	172	886.833	363.833	0	39.6	403.839	71.19	NA	2	NA	180	-21.801
566	2	173	883.5	363.833	0	37.4	407.173	69.811	NA	3.333	NA	180	0
567	2	174	880.167	363.167	0	44.2	410.572	69.191	NA	3.399	NA	-168.69	11.31
568	2	175	876.167	363.167	0	43.2	414.572	67.897	NA	4	NA	180	-11.31
569	2	176	875.5	363.167	0	44.2	415.239	67.702	NA	0.667	NA	180	0
570	2	177	874.167	363.167	0	44.2	416.572	67.33	NA	1.333	NA	180	0
571	2	178	872.167	361.833	0	50.1	418.976	68.113	NA	2.404	NA	-146.31	33.69
572	2	179	871.5	361.833	0	45.4	419.642	67.958	NA	0.667	NA	180	-33.69
573	2	180	872.833	361.833	0	39.5	420.976	68.274	NA	1.333	NA	0	-180
574	2	181	875.5	361.167	0	43.4	423.724	69.62	NA	2.749	NA	-14.036	-14.036
575	2	182	878.167	359.167	0	78.9	427.058	72.315	NA	3.333	NA	-36.87	-22.834
576	2	183	876.167	356.5	0	53.3	430.391	74.29	NA	3.333	NA	-126.87	-90
577	2	184	874.833	356.5	0	52.8	431.724	73.939	NA	1.333	NA	180	-53.13
578	2	185	877.5	355.833	0	47.7	434.473	75.301	NA	2.749	NA	-14.036	165.964
579	2	186	882.167	356.5	0	40.9	439.187	76.138	NA	4.714	NA	8.13	22.166
580	2	187	882.833	356.5	0	43.2	439.854	76.369	NA	0.667	NA	0	-8.13
581	2	188	884.167	357.167	0	44.2	441.345	76.228	NA	1.491	NA	26.565	26.565
582	2	189	888.833	357.167	0	45.2	446.011	78.073	NA	4.667	NA	0	-26.565
583	2	190	888.833	355.167	0	38.2	448.011	79.892	NA	2	NA	-90	-90
584	2	191	888.167	351.833	0	45.2	451.411	82.68	NA	3.399	NA	-101.31	-11.31
585	2	192	890.167	353.167	0	42.2	453.814	82.264	NA	2.404	NA	33.69	135
586	2	193	890.167	350.5	0	39.9	456.481	84.697	NA	2.667	NA	-90	-123.69
587	2	194	887.5	351.833	0	44.4	459.462	82.423	NA	2.981	NA	153.435	-116.565
588	2	195	885.5	349.167	0	44.4	462.796	84.172	NA	3.333	NA	-126.87	79.695
589	2	196	884.833	347.167	0	45.6	464.904	85.822	NA	2.108	NA	-108.435	18.435
590	2	197	884.833	343.833	0	50	468.237	88.968	NA	3.333	NA	-90	18.435
591	2	198	884.833	343.167	0	41	468.904	89.599	NA	0.667	NA	-90	0
592	2	199	882.167	341.167	0	49	472.237	90.69	NA	3.333	NA	-143.13	-53.13
593	2	200	880.167	339.833	0	52.5	474.641	91.419	NA	2.404	NA	-146.31	-3.18
594	2	201	881.5	339.167	0	38.4	476.132	92.421	NA	1.491	NA	-26.565	119.745
595	2	202	880.167	336.5	0	45.1	479.113	94.638	NA	2.981	NA	-116.565	-90
596	2	203	878.833	332.5	0	43.3	483.329	98.192	NA	4.216	NA	-108.435	8.13
597	2	204	876.833	332.5	0	47.6	485.329	97.746	NA	2	NA	180	-71.565
598	2	205	874.833	329.833	0	53.6	488.663	99.957	NA	3.333	NA	-126.87	53.13
599	2	206	875.5	329.167	0	47.7	489.606	100.739	NA	0.943	NA	-45	81.87
600	2	207	878.833	325.833	0	40.8	494.32	104.687	NA	4.714	NA	-45	0
601	2	208	879.5	322.5	0	52.8	497.719	108.086	NA	3.399	NA	-78.69	-33.69
602	2	209	876.167	322.5	0	62	501.052	107.41	NA	3.333	NA	180	-101.31
603	2	210	880.833	323.167	0	44.3	505.766	107.734	NA	4.714	NA	8.13	-171.87
604	2	211	883.5	323.167	0	28	508.433	108.38	NA	2.667	NA	0	-8.13
605	2	212	883.5	321.167	0	45.4	510.433	110.316	NA	2	NA	-90	-90
606	2	213	884.833	319.833	0	44.1	512.319	111.944	NA	1.886	NA	-45	45
607	2	214	886.833	319.167	0	44	514.427	113.117	NA	2.108	NA	-18.435	26.565
608	2	215	889.5	317.833	0	45.4	517.408	115.147	NA	2.981	NA	-26.565	-8.13
609	2	216	888.833	315.833	0	44.3	519.516	116.873	NA	2.108	NA	-108.435	-81.87
610	2	217	892.167	315.833	0	45	522.85	117.853	NA	3.333	NA	0	108.435
611	2	218	895.5	315.833	0	43.1	526.183	118.919	NA	3.333	NA	0	0
612	2	219	898.167	315.167	0	42.1	528.932	120.455	NA	2.749	NA	-14.036	-14.036
613	2	220	900.833	312.5	0	28.1	532.703	123.896	NA	3.771	NA	-45	-30.964
614	2	221	901.5	310.5	0	41.9	534.811	126.002	NA	2.108	NA	-71.565	-26.565
615	2	222	901.5	309.167	0	38.6	536.145	127.246	NA	1.333	NA	-90	-18.435
616	2	223	903.5	309.167	0	42.1	538.145	127.975	NA	2	NA	0	90
617	2	224	906.167	308.5	0	42.1	540.893	129.603	NA	2.749	NA	-14.036	-14.036
618	2	225	908.833	307.833	0	34.9	543.642	131.268	NA	2.749	NA	-14.036	0
619	2	226	908	311	0	41.9	546.917	128.035	NA	3.274	NA	104.744	118.78
620	2	227	912	309	0	40.9	551.389	131.518	NA	4.472	NA	-26.565	-131.309
621	2	228	918	307	0	34.9	557.713	135.96	NA	6.325	NA	-18.435	8.13
622	2	229	918	307	0	32.5	557.713	135.96	NA	0	NA	0	18.435
623	2	230	918	308	0	41.5	558.713	135.07	NA	1	NA	90	90
624	2	231	923	308	0	37.2	563.713	137.437	NA	5	NA	0	-90
625	2	232	925	307	0	36.4	565.949	139.291	NA	2.236	NA	-26.565	-26.565
626	2	233	928	308	0	27.7	569.112	139.943	NA	3.162	NA	18.435	45
627	2	234	928	311	0	37.3	572.112	137.379	NA	3	NA	90	71.565
628	2	235	929	310	0	39.5	573.526	138.755	NA	1.414	NA	-45	-135
629	2	236	925	308	0	43	577.998	138.423	NA	4.472	NA	-153.435	-108.435
630	2	237	924	308	0	43	578.998	137.928	NA	1	NA	180	-26.565
631	2	238	925	309	0	41	580.412	137.557	NA	1.414	NA	45	-135
632	2	239	925	309	0	42	580.412	137.557	NA	0	NA	0	-45
633	2	240	923	308	0	44.2	582.648	137.437	NA	2.236	NA	-153.435	-153.435
634	2	241	922	307	0	47	584.062	137.83	NA	1.414	NA	-135	18.435
635	2	242	919	306	0	45.2	587.225	137.306	NA	3.162	NA	-161.565	-26.565
636	2	243	919	306	0	49	587.225	137.306	NA	0	NA	0	161.565
637	2	244	914	305	0	45.2	592.324	135.989	NA	5.099	NA	-168.69	-168.69
638	2	245	912	304	0	47	594.56	136.059	NA	2.236	NA	-153.435	15.255
639	2	246	907	304	0	50.8	599.56	134.078	NA	5	NA	180	-26.565
640	2	247	904	304	0	50.8	602.56	132.966	NA	3	NA	180	0
641	2	248	905	300	0	42.8	606.683	137.058	NA	4.123	NA	-75.964	104.036
642	2	249	903	303	0	48.6	610.288	133.544	NA	3.606	NA	123.69	-160.346
643	2	250	902	303	0	47.6	611.288	133.195	NA	1	NA	180	56.31
644	2	251	905	299	0	43.2	616.288	137.993	NA	5	NA	-53.13	126.87
645	2	252	905	297	0	42.2	618.288	139.864	NA	2	NA	-90	-36.87
646	2	253	908	297	0	43.1	621.288	140.943	NA	3	NA	0	90
647	2	254	909	294	0	44.3	624.451	144.101	NA	3.162	NA	-71.565	-71.565
648	2	255	909	293	0	41.5	625.451	145.031	NA	1	NA	-90	-18.435
649	2	256	909	289	0	66.2	629.451	148.762	NA	4	NA	-90	0
650	2	257	914	290	0	44.1	634.55	149.693	NA	5.099	NA	11.31	101.31
651	2	258	913	290	0	37.2	635.55	149.308	NA	1	NA	180	168.69
652	2	259	916	290	0	44.4	638.55	150.479	NA	3	NA	0	-180
653	2	260	917	289	0	41	639.964	151.796	NA	1.414	NA	-45	-45
654	2	261	920	286	0	45.4	644.207	155.756	NA	4.243	NA	-45	0
655	2	262	923	283	0	28.3	648.449	159.731	NA	4.243	NA	-45	0
656	2	263	921	282	0	40	650.685	159.816	NA	2.236	NA	-153.435	-108.435
657	2	264	923	280	0	39.6	653.514	162.459	NA	2.828	NA	-45	108.435
658	2	265	922	273	0	59.5	660.585	168.467	NA	7.071	NA	-98.13	-53.13
659	2	266	916	274	0	52.7	666.668	165.276	NA	6.083	NA	170.538	-91.332
660	2	267	915	274	0	46.6	667.668	164.915	NA	1	NA	180	9.462
661	2	268	912	271	0	52.3	671.91	166.688	NA	4.243	NA	-135	45
662	2	269	909	269	0	53.4	675.516	167.601	NA	3.606	NA	-146.31	-11.31
663	2	270	907	267	0	46.4	678.344	168.885	NA	2.828	NA	-135	11.31
664	2	271	904	264	0	51.4	682.587	170.88	NA	4.243	NA	-135	0
665	2	272	904	261	0	49.2	685.587	173.761	NA	3	NA	-90	45
666	2	273	905	257	0	49.2	689.71	177.882	NA	4.123	NA	-75.964	14.036
667	2	274	909	255	0	35.2	694.182	180.936	NA	4.472	NA	-26.565	49.399
668	2	275	912	255	0	44.6	697.182	181.838	NA	3	NA	0	26.565
669	2	276	910	252	0	43.2	700.788	184.098	NA	3.606	NA	-123.69	-123.69
670	2	277	913	248	0	38.2	705.788	188.809	NA	5	NA	-53.13	70.56
671	2	278	914	247	0	38.2	707.202	190.066	NA	1.414	NA	-45	8.13
672	2	279	913	242	0	44.2	712.301	194.538	NA	5.099	NA	-101.31	-56.31
673	2	280	917	242	0	36.2	716.301	195.747	NA	4	NA	0	101.31
674	2	281	920	242	0	41.9	719.301	196.703	NA	3	NA	0	0
675	2	282	917	238	0	41.5	724.301	199.552	NA	5	NA	-126.87	-126.87
676	2	283	922	236	0	39.5	729.686	203.027	NA	5.385	NA	-21.801	105.068
677	2	284	923	237	0	43.2	731.1	202.41	NA	1.414	NA	45	66.801
678	2	285	926	235	0	39.9	734.706	205.302	NA	3.606	NA	-33.69	-78.69
679	2	286	928	233	0	39.9	737.534	207.868	NA	2.828	NA	-45	-11.31
680	2	287	926	229	0	44.4	742.006	210.953	NA	4.472	NA	-116.565	-71.565
681	2	288	929	226	0	41.8	746.249	214.786	NA	4.243	NA	-45	71.565
682	2	289	935	225	0	45.2	752.332	217.83	NA	6.083	NA	-9.462	35.538
683	2	290	935	225	0	39.7	752.332	217.83	NA	0	NA	0	9.462
684	2	291	941	221	0	35.9	759.543	223.772	NA	7.211	NA	-33.69	-33.69
685	2	292	940	220	0	33.8	760.957	224.321	NA	1.414	NA	-135	-101.31
686	2	293	949	220	0	41.3	769.957	227.844	NA	9	NA	0	135
687	2	294	959	219	0	187.4	780.007	233.002	NA	10.05	NA	-5.711	-5.711
688	2	295	959	219	0	101.6	780.007	233.002	NA	0	NA	0	5.711
689	2	296	965	219	0	125.7	786.007	235.716	NA	6	NA	0	0
690	2	297	971	219	0	156.1	792.007	238.55	NA	6	NA	0	0
691	2	298	972	218	0	40.7	793.421	239.908	NA	1.414	NA	-45	-45
692	2	299	974	216	0	39.9	796.25	242.627	NA	2.828	NA	-45	0
693	2	300	977	215	0	40.5	799.412	244.969	NA	3.162	NA	-18.435	26.565
694	2	301	982	212	0	34.8	805.243	250.064	NA	5.831	NA	-30.964	-12.529
695	2	302	973.333	214.667	0	43.4	814.31	243.471	NA	9.068	NA	162.897	-166.139
696	2	303	978.667	212	0	46.5	820.273	248.401	NA	5.963	NA	-26.565	170.538
697	2	304	974.667	209.333	0	42.8	825.081	248.791	NA	4.807	NA	-146.31	-119.745
698	2	305	973.333	208	0	41.5	826.966	249.333	NA	1.886	NA	-135	11.31
699	2	306	966.667	208	0	43.4	833.633	246.266	NA	6.667	NA	180	-45
700	2	307	964	208	0	45.4	836.3	245.08	NA	2.667	NA	180	0
701	2	308	960	206.667	0	46.5	840.516	244.549	NA	4.216	NA	-161.565	18.435
702	2	309	960	206.667	0	50.4	840.516	244.549	NA	0	NA	0	161.565
703	2	310	956	205.333	0	48.5	844.732	244.091	NA	4.216	NA	-161.565	-161.565
704	2	311	954.667	205.333	0	48.5	846.066	243.548	NA	1.333	NA	180	-18.435
705	2	312	952	205.333	0	50.4	848.732	242.48	NA	2.667	NA	180	0
706	2	313	944	200	0	50.4	858.347	244.393	NA	9.615	NA	-146.31	33.69
707	2	314	937.333	200	0	53.5	865.014	242.073	NA	6.667	NA	180	-33.69
708	2	315	937.333	200	0	52.4	865.014	242.073	NA	0	NA	0	-180
709	2	316	937.333	200	0	50.4	865.014	242.073	NA	0	NA	0	0
710	2	317	936	200	0	49.9	866.347	241.628	NA	1.333	NA	180	180
711	2	318	932	189.333	0	53.5	877.739	250.475	NA	11.392	NA	-110.556	69.444
712	2	319	933.333	192	0	51.4	880.721	248.347	NA	2.981	NA	63.435	173.991
713	2	320	933.333	185.333	0	46.5	887.387	254.691	NA	6.667	NA	-90	-153.435
714	2	321	938.667	178.667	0	57.2	895.925	262.68	NA	8.537	NA	-51.34	38.66
715	2	322	938.667	180	0	42.8	897.258	261.415	NA	1.333	NA	90	141.34
716	2	323	942.667	177.333	0	46.8	902.066	265.226	NA	4.807	NA	-33.69	-123.69
717	2	324	941.333	180	0	48.5	905.047	262.27	NA	2.981	NA	116.565	150.255
718	2	325	946.667	173.333	0	48.8	913.584	270.325	NA	8.537	NA	-51.34	-167.905
719	2	326	954.667	174.667	0	48.5	921.695	271.869	NA	8.11	NA	9.462	60.803
720	2	327	962.667	174.667	0	165.1	929.695	274.874	NA	8	NA	0	-9.462
721	2	328	965.333	169.333	0	47.5	935.658	280.824	NA	5.963	NA	-63.435	-63.435
722	2	329	964	162.667	0	52.4	942.456	286.471	NA	6.799	NA	-101.31	-37.875
723	2	330	972	153.333	0	51.2	954.749	298.157	NA	12.293	NA	-49.399	51.911
724	2	331	962.667	149.333	0	47.8	964.903	298.384	NA	10.154	NA	-156.801	-107.403
725	2	332	960	144	0	51.4	970.866	302.443	NA	5.963	NA	-116.565	40.236
726	2	333	957.333	141.333	0	65.4	974.638	304.05	NA	3.771	NA	-135	-18.435
727	2	334	957.333	137.333	0	55.5	978.638	307.824	NA	4	NA	-90	45
728	2	335	953.333	137.333	0	60.5	982.638	306.53	NA	4	NA	180	-90
729	2	336	945.333	133.333	0	59.4	991.582	307.911	NA	8.944	NA	-153.435	26.565
730	2	337	941.333	126.667	0	59.4	999.356	313.183	NA	7.775	NA	-120.964	32.471
731	2	338	941.333	117.333	0	53.5	1008.69	322.173	NA	9.333	NA	-90	30.964
732	2	339	942.667	104	0	68.8	1022.09	335.391	NA	13.4	NA	-84.289	5.711
733	2	340	949.333	102.667	0	49.8	1028.888	338.457	NA	6.799	NA	-11.31	72.979
734	2	341	956	100	0	49.8	1036.069	342.905	NA	7.18	NA	-21.801	-10.491
735	2	342	956	97.333	0	45.4	1038.735	345.457	NA	2.667	NA	-90	-68.199
736	2	343	960	96	0	51.4	1042.952	347.908	NA	4.216	NA	-18.435	71.565
737	2	344	960	96	0	50.4	1042.952	347.908	NA	0	NA	0	18.435
738	2	345	958.667	90.667	0	51.4	1048.449	352.611	NA	5.497	NA	-104.036	-104.036
739	2	346	964	85.333	0	50.4	1055.991	359.283	NA	7.542	NA	-45	59.036
740	2	347	969.333	77.333	0	52.7	1065.606	368.526	NA	9.615	NA	-56.31	-11.31
741	2	348	968	74.667	0	48.8	1068.588	370.659	NA	2.981	NA	-116.565	-60.255
742	2	349	968	68	0	40.8	1075.254	377.02	NA	6.667	NA	-90	26.565
743	2	350	973.333	66.667	0	47.8	1080.752	379.906	NA	5.497	NA	-14.036	75.964
744	2	351	970.667	64	0	45.4	1084.523	381.634	NA	3.771	NA	-135	-120.964
745	2	352	976	62.667	0	47.8	1090.021	384.537	NA	5.497	NA	-14.036	120.964
746	2	353	981.333	62.667	0	53.5	1095.354	386.234	NA	5.333	NA	0	14.036
747	2	354	978	60	0	51.2	1099.623	387.696	NA	4.269	NA	-141.34	-141.34
748	2	355	982	50	0	49.8	1110.393	398.447	NA	10.77	NA	-68.199	73.142
749	2	356	980	48	0	48.8	1113.221	399.72	NA	2.828	NA	-135	-66.801
750	2	357	988	48	0	49	1121.221	402.274	NA	8	NA	0	135
751	2	358	992	50	0	50	1125.694	401.721	NA	4.472	NA	26.565	26.565
752	2	359	992	50	0	46.4	1125.694	401.721	NA	0	NA	0	-26.565
753	2	360	996	52	0	51.6	1130.166	401.218	NA	4.472	NA	26.565	26.565
754	2	361	1006	42	0	190.2	1144.308	414.121	NA	14.142	NA	-45	-71.565
755	2	362	998	38	0	48.9	1153.252	415.047	NA	8.944	NA	-153.435	-108.435
756	2	363	994	36	0	50.9	1157.724	415.582	NA	4.472	NA	-153.435	0
757	2	364	1000	36	0	51.5	1163.724	417.612	NA	6	NA	0	153.435
758	2	365	1008	24	0	79.3	1178.146	431.648	NA	14.422	NA	-56.31	-56.31
759	2	366	1004	32	0	51.2	1187.091	422.753	NA	8.944	NA	116.565	172.875
760	2	367	1018	34	0	54.9	1201.233	426.005	NA	14.142	NA	8.13	-108.435
761	2	368	1012	28	0	64.2	1209.718	429.344	NA	8.485	NA	-135	-143.13
762	2	369	1032	28	0	51.2	1229.718	437.008	NA	20	NA	0	135
763	2	370	1034	32	0	56.2	1234.19	434.166	NA	4.472	NA	63.435	63.435
764	2	371	1026	28	0	57.2	1243.135	434.626	NA	8.944	NA	-153.435	143.13
765	2	372	1014	28	0	117.9	1255.135	430.074	NA	12	NA	180	-26.565
766	2	373	1020	30	0	57.2	1261.459	430.465	NA	6.325	NA	18.435	-161.565
767	2	374	1024	30	0	58.4	1265.459	432.005	NA	4	NA	0	-18.435
768	2	375	1024	30	0	55.8	1265.459	432.005	NA	0	NA	0	0
769	2	376	1026	32	0	58.2	1268.288	430.948	NA	2.828	NA	45	45
770	2	377	1026	32	0	57.2	1268.288	430.948	NA	0	NA	0	-45
771	2	378	1030	30	0	57.2	1272.76	434.373	NA	4.472	NA	-26.565	-26.565
772	2	379	1030	26	0	55.8	1276.76	438.041	NA	4	NA	-90	-63.435
773	2	380	1028	22	0	55.8	1281.232	440.931	NA	4.472	NA	-116.565	-26.565
774	2	381	1028	22	0	55.8	1281.232	440.931	NA	0	NA	0	116.565
775	2	382	1020	12	0	50.2	1294.038	447.16	NA	12.806	NA	-128.66	-128.66
776	2	383	1010	10	0	73.6	1304.236	445.466	NA	10.198	NA	-168.69	-40.03
777	2	384	1014	6	0	53.5	1309.893	450.608	NA	5.657	NA	-45	123.69
778	2	385	1008	8	0	65.4	1316.217	446.659	NA	6.325	NA	161.565	-153.435
779	2	386	1008	8	0	58.2	1316.217	446.659	NA	0	NA	0	-161.565
780	2	387	1000	12	0	65.4	1325.162	440.218	NA	8.944	NA	153.435	153.435
781	2	388	1008	10	0	60.7	1333.408	444.779	NA	8.246	NA	-14.036	-167.471
782	2	389	1004	6	0	66	1339.065	447.2	NA	5.657	NA	-135	-120.964
783	2	390	1004	6	0	59.6	1339.065	447.2	NA	0	NA	0	135
784	2	391	1004	6	0	50.4	1339.065	447.2	NA	0	NA	0	0
785	2	392	1004	6	0	56.8	1339.065	447.2	NA	0	NA	0	0
786	2	393	1004	6	0	193.5	1339.065	447.2	NA	0	NA	0	0
787	2	394	1014	4	0	75.6	1349.263	452.482	NA	10.198	NA	-11.31	-11.31
788	2	395	1016	10	0	227.3	1355.587	447.576	NA	6.325	NA	71.565	82.875
789	2	396	1016	10	0	218	1355.587	447.576	NA	0	NA	0	-71.565
790	2	397	1016	10	0	172.5	1355.587	447.576	NA	0	NA	0	0
