MTrackJ 1.5.1 Data File
Displaying true true true 1 2 0 0 100 10 0 0 0 2 1 12 0 true false false false
Assembly 1 FF0000
Cluster 1 FF0000
Track 1 FF0000 true
Point 1 788.0 542.0 1.0 40.0 1.0
Point 2 786.0 542.0 1.0 41.0 1.0
Point 3 786.0 542.0 1.0 42.0 1.0
Point 4 786.0 542.0 1.0 43.0 1.0
Point 5 786.0 542.0 1.0 44.0 1.0
Point 6 786.0 542.0 1.0 45.0 1.0
Point 7 786.0 542.0 1.0 46.0 1.0
Point 8 786.0 542.0 1.0 47.0 1.0
Point 9 788.0 542.0 1.0 48.0 1.0
Point 10 788.0 542.0 1.0 49.0 1.0
Point 11 788.0 544.0 1.0 50.0 1.0
Point 12 788.0 544.0 1.0 51.0 1.0
Point 13 788.0 544.0 1.0 52.0 1.0
Point 14 790.0 544.0 1.0 53.0 1.0
Point 15 790.0 544.0 1.0 54.0 1.0
Point 16 790.0 544.0 1.0 55.0 1.0
Point 17 790.0 544.0 1.0 56.0 1.0
Point 18 790.0 544.0 1.0 57.0 1.0
Point 19 790.0 544.0 1.0 58.0 1.0
Point 20 790.0 544.0 1.0 59.0 1.0
Point 21 796.0 544.0 1.0 60.0 1.0
Point 22 792.0 546.0 1.0 61.0 1.0
Point 23 792.0 544.0 1.0 62.0 1.0
Point 24 792.0 544.0 1.0 63.0 1.0
Point 25 792.0 544.0 1.0 64.0 1.0
Point 26 792.0 544.0 1.0 65.0 1.0
Point 27 794.0 544.0 1.0 66.0 1.0
Point 28 794.0 544.0 1.0 67.0 1.0
Point 29 794.0 544.0 1.0 68.0 1.0
Point 30 794.0 544.0 1.0 69.0 1.0
Point 31 794.0 544.0 1.0 70.0 1.0
Point 32 796.0 544.0 1.0 71.0 1.0
Point 33 796.0 544.0 1.0 72.0 1.0
Point 34 796.0 544.0 1.0 73.0 1.0
Point 35 798.0 544.0 1.0 74.0 1.0
Point 36 798.0 544.0 1.0 75.0 1.0
Point 37 798.0 544.0 1.0 76.0 1.0
Point 38 798.0 544.0 1.0 77.0 1.0
Point 39 798.0 544.0 1.0 78.0 1.0
Point 40 800.0 542.0 1.0 79.0 1.0
Point 41 800.0 542.0 1.0 80.0 1.0
Point 42 800.0 542.0 1.0 81.0 1.0
Point 43 800.0 542.0 1.0 82.0 1.0
Point 44 800.0 542.0 1.0 83.0 1.0
Point 45 800.0 542.0 1.0 84.0 1.0
Point 46 798.0 542.0 1.0 85.0 1.0
Point 47 796.0 542.0 1.0 86.0 1.0
Point 48 796.0 542.0 1.0 87.0 1.0
Point 49 796.0 542.0 1.0 88.0 1.0
Point 50 794.0 542.0 1.0 89.0 1.0
Point 51 794.0 542.0 1.0 90.0 1.0
Point 52 792.0 540.0 1.0 91.0 1.0
Point 53 792.0 540.0 1.0 92.0 1.0
Point 54 792.0 538.0 1.0 93.0 1.0
Point 55 792.0 538.0 1.0 94.0 1.0
Point 56 792.0 538.0 1.0 95.0 1.0
Point 57 792.0 538.0 1.0 96.0 1.0
Point 58 792.0 538.0 1.0 97.0 1.0
Point 59 790.0 536.0 1.0 98.0 1.0
Point 60 788.0 536.0 1.0 99.0 1.0
Point 61 788.0 534.0 1.0 100.0 1.0
Point 62 788.0 534.0 1.0 101.0 1.0
Point 63 788.0 534.0 1.0 102.0 1.0
Point 64 788.0 534.0 1.0 103.0 1.0
Point 65 792.0 534.0 1.0 104.0 1.0
Point 66 792.0 534.0 1.0 105.0 1.0
Point 67 794.0 534.0 1.0 106.0 1.0
Point 68 794.0 534.0 1.0 107.0 1.0
Point 69 794.0 534.0 1.0 108.0 1.0
Point 70 794.0 534.0 1.0 109.0 1.0
Point 71 796.0 534.0 1.0 110.0 1.0
Point 72 798.0 534.0 1.0 111.0 1.0
Point 73 798.0 534.0 1.0 112.0 1.0
Point 74 800.0 534.0 1.0 113.0 1.0
Point 75 800.0 534.0 1.0 114.0 1.0
Point 76 800.0 534.0 1.0 115.0 1.0
Point 77 800.0 534.0 1.0 116.0 1.0
Point 78 800.0 534.0 1.0 117.0 1.0
Point 79 800.0 534.0 1.0 118.0 1.0
Point 80 800.0 536.0 1.0 119.0 1.0
Point 81 800.0 540.0 1.0 120.0 1.0
Point 82 796.0 542.0 1.0 121.0 1.0
Point 83 796.0 542.0 1.0 122.0 1.0
Point 84 796.0 542.0 1.0 123.0 1.0
Point 85 794.0 546.0 1.0 124.0 1.0
Point 86 792.0 552.0 1.0 125.0 1.0
Point 87 792.0 550.0 1.0 126.0 1.0
Point 88 792.0 550.0 1.0 127.0 1.0
Point 89 790.0 550.0 1.0 128.0 1.0
Point 90 790.0 550.0 1.0 129.0 1.0
Point 91 790.0 548.0 1.0 130.0 1.0
Point 92 790.0 548.0 1.0 131.0 1.0
Point 93 790.0 548.0 1.0 132.0 1.0
Point 94 794.0 544.0 1.0 133.0 1.0
Point 95 794.0 544.0 1.0 134.0 1.0
Point 96 794.0 546.0 1.0 135.0 1.0
Point 97 794.0 546.0 1.0 136.0 1.0
Point 98 798.0 546.0 1.0 137.0 1.0
Point 99 798.0 546.0 1.0 138.0 1.0
Point 100 798.0 546.0 1.0 139.0 1.0
Point 101 798.0 546.0 1.0 140.0 1.0
Point 102 804.0 548.0 1.0 141.0 1.0
Point 103 804.0 544.0 1.0 142.0 1.0
Point 104 804.0 544.0 1.0 143.0 1.0
Point 105 806.0 544.0 1.0 144.0 1.0
Point 106 806.0 544.0 1.0 145.0 1.0
Point 107 806.0 542.0 1.0 146.0 1.0
Point 108 806.0 542.0 1.0 147.0 1.0
Point 109 806.0 542.0 1.0 148.0 1.0
Point 110 806.0 542.0 1.0 149.0 1.0
Point 111 806.0 542.0 1.0 150.0 1.0
Point 112 804.0 542.0 1.0 151.0 1.0
Point 113 802.0 542.0 1.0 152.0 1.0
Point 114 802.0 542.0 1.0 153.0 1.0
Point 115 796.0 542.0 1.0 154.0 1.0
Point 116 796.0 542.0 1.0 155.0 1.0
Point 117 796.0 542.0 1.0 156.0 1.0
Point 118 790.0 542.0 1.0 157.0 1.0
Point 119 792.0 540.0 1.0 158.0 1.0
Point 120 792.0 540.0 1.0 159.0 1.0
Point 121 792.0 540.0 1.0 160.0 1.0
Point 122 792.0 540.0 1.0 161.0 1.0
Point 123 794.0 538.0 1.0 162.0 1.0
Point 124 796.0 538.0 1.0 163.0 1.0
Point 125 796.0 538.0 1.0 164.0 1.0
Point 126 796.0 538.0 1.0 165.0 1.0
Point 127 796.0 538.0 1.0 166.0 1.0
Point 128 796.0 538.0 1.0 167.0 1.0
Point 129 798.0 538.0 1.0 168.0 1.0
Point 130 798.0 538.0 1.0 169.0 1.0
Point 131 800.0 536.0 1.0 170.0 1.0
Point 132 806.0 536.0 1.0 171.0 1.0
Point 133 806.0 536.0 1.0 172.0 1.0
Point 134 806.0 536.0 1.0 173.0 1.0
Point 135 806.0 536.0 1.0 174.0 1.0
Point 136 810.0 536.0 1.0 175.0 1.0
Point 137 810.0 536.0 1.0 176.0 1.0
Point 138 810.0 536.0 1.0 177.0 1.0
Point 139 810.0 536.0 1.0 178.0 1.0
Point 140 802.0 540.0 1.0 179.0 1.0
Point 141 802.0 540.0 1.0 180.0 1.0
Point 142 802.0 540.0 1.0 181.0 1.0
Point 143 798.0 540.0 1.0 182.0 1.0
Point 144 798.0 540.0 1.0 183.0 1.0
Point 145 798.0 540.0 1.0 184.0 1.0
Point 146 796.0 540.0 1.0 185.0 1.0
Point 147 794.0 540.0 1.0 186.0 1.0
Point 148 794.0 544.0 1.0 187.0 1.0
Point 149 794.0 546.0 1.0 188.0 1.0
Point 150 792.0 548.0 1.0 189.0 1.0
Point 151 790.0 550.0 1.0 190.0 1.0
Point 152 786.0 554.0 1.0 191.0 1.0
Point 153 790.0 550.0 1.0 192.0 1.0
Point 154 790.0 550.0 1.0 193.0 1.0
Point 155 790.0 550.0 1.0 194.0 1.0
Point 156 788.0 558.0 1.0 195.0 1.0
Point 157 790.0 550.0 1.0 196.0 1.0
Point 158 790.0 552.0 1.0 197.0 1.0
Point 159 792.0 548.0 1.0 198.0 1.0
Point 160 798.0 548.0 1.0 199.0 1.0
Point 161 798.0 548.0 1.0 200.0 1.0
Point 162 802.0 548.0 1.0 201.0 1.0
Point 163 802.0 546.0 1.0 202.0 1.0
Point 164 806.0 542.0 1.0 203.0 1.0
Point 165 808.0 542.0 1.0 204.0 1.0
Point 166 808.0 542.0 1.0 205.0 1.0
Point 167 808.0 542.0 1.0 206.0 1.0
Point 168 806.0 540.0 1.0 207.0 1.0
Point 169 806.0 540.0 1.0 208.0 1.0
Point 170 806.0 540.0 1.0 209.0 1.0
Point 171 800.0 540.0 1.0 210.0 1.0
Point 172 800.0 540.0 1.0 211.0 1.0
Point 173 798.0 538.0 1.0 212.0 1.0
Point 174 798.0 538.0 1.0 213.0 1.0
Point 175 794.0 538.0 1.0 214.0 1.0
Point 176 786.0 536.0 1.0 215.0 1.0
Point 177 784.0 534.0 1.0 216.0 1.0
Point 178 784.0 534.0 1.0 217.0 1.0
Point 179 782.0 534.0 1.0 218.0 1.0
Point 180 782.0 534.0 1.0 219.0 1.0
Point 181 780.0 534.0 1.0 220.0 1.0
Point 182 778.0 534.0 1.0 221.0 1.0
Point 183 776.0 530.0 1.0 222.0 1.0
Point 184 776.0 530.0 1.0 223.0 1.0
Point 185 778.0 530.0 1.0 224.0 1.0
Point 186 778.0 530.0 1.0 225.0 1.0
Point 187 780.0 530.0 1.0 226.0 1.0
Point 188 782.0 532.0 1.0 227.0 1.0
Point 189 784.0 538.0 1.0 228.0 1.0
Point 190 786.0 538.0 1.0 229.0 1.0
Point 191 786.0 538.0 1.0 230.0 1.0
Point 192 788.0 534.0 1.0 231.0 1.0
Point 193 790.0 534.0 1.0 232.0 1.0
Point 194 790.0 534.0 1.0 233.0 1.0
Point 195 790.0 536.0 1.0 234.0 1.0
Point 196 792.0 538.0 1.0 235.0 1.0
Point 197 790.0 548.0 1.0 236.0 1.0
Point 198 788.0 542.0 1.0 237.0 1.0
Point 199 788.0 542.0 1.0 238.0 1.0
Point 200 788.0 544.0 1.0 239.0 1.0
Point 201 788.0 548.0 1.0 240.0 1.0
Point 202 788.0 550.0 1.0 241.0 1.0
Point 203 788.0 550.0 1.0 242.0 1.0
Point 204 786.0 552.0 1.0 243.0 1.0
Point 205 782.0 552.0 1.0 244.0 1.0
Point 206 778.0 552.0 1.0 245.0 1.0
Point 207 776.0 552.0 1.0 246.0 1.0
Point 208 772.0 554.0 1.0 247.0 1.0
Point 209 768.0 556.0 1.0 248.0 1.0
Point 210 768.0 558.0 1.0 249.0 1.0
Point 211 762.0 556.0 1.0 250.0 1.0
Point 212 762.0 556.0 1.0 251.0 1.0
Point 213 760.0 560.0 1.0 252.0 1.0
Point 214 760.0 560.0 1.0 253.0 1.0
Point 215 758.0 562.0 1.0 254.0 1.0
Point 216 756.0 562.0 1.0 255.0 1.0
Point 217 756.0 562.0 1.0 256.0 1.0
Point 218 756.0 562.0 1.0 257.0 1.0
Point 219 762.0 562.0 1.0 258.0 1.0
Point 220 762.0 562.0 1.0 259.0 1.0
Point 221 762.0 562.0 1.0 260.0 1.0
Point 222 768.0 558.0 1.0 261.0 1.0
Point 223 766.0 558.0 1.0 262.0 1.0
Point 224 764.0 556.0 1.0 263.0 1.0
Point 225 762.0 558.0 1.0 264.0 1.0
Point 226 762.0 558.0 1.0 265.0 1.0
Point 227 762.0 556.0 1.0 266.0 1.0
Point 228 762.0 556.0 1.0 267.0 1.0
Point 229 760.0 556.0 1.0 268.0 1.0
Point 230 760.0 556.0 1.0 269.0 1.0
Point 231 760.0 556.0 1.0 270.0 1.0
Point 232 760.0 556.0 1.0 271.0 1.0
Point 233 760.0 556.0 1.0 272.0 1.0
Point 234 756.0 556.0 1.0 273.0 1.0
Point 235 756.0 554.0 1.0 274.0 1.0
Point 236 756.0 554.0 1.0 275.0 1.0
Point 237 754.0 562.0 1.0 276.0 1.0
Point 238 752.0 562.0 1.0 277.0 1.0
Point 239 752.0 562.0 1.0 278.0 1.0
Point 240 750.0 564.0 1.0 279.0 1.0
Point 241 748.0 562.0 1.0 280.0 1.0
Point 242 746.0 562.0 1.0 281.0 1.0
Point 243 750.0 560.0 1.0 282.0 1.0
Point 244 746.0 560.0 1.0 283.0 1.0
Point 245 744.0 560.0 1.0 284.0 1.0
Point 246 744.0 560.0 1.0 285.0 1.0
Point 247 740.0 558.0 1.0 286.0 1.0
Point 248 738.0 556.0 1.0 287.0 1.0
Point 249 738.0 552.0 1.0 288.0 1.0
Point 250 738.0 552.0 1.0 289.0 1.0
Point 251 736.0 554.0 1.0 290.0 1.0
Point 252 736.0 556.0 1.0 291.0 1.0
Point 253 736.0 558.0 1.0 292.0 1.0
Point 254 736.0 560.0 1.0 293.0 1.0
Point 255 736.0 564.0 1.0 294.0 1.0
Point 256 736.0 566.0 1.0 295.0 1.0
Point 257 736.0 566.0 1.0 296.0 1.0
Point 258 736.0 566.0 1.0 297.0 1.0
Point 259 738.0 566.0 1.0 298.0 1.0
Point 260 740.0 570.0 1.0 299.0 1.0
Point 261 740.0 570.0 1.0 300.0 1.0
Point 262 740.0 572.0 1.0 301.0 1.0
Point 263 740.0 572.0 1.0 302.0 1.0
Track 2 FFFF00 true
Point 1 784.0 440.0 1.0 39.0 1.0
Point 2 784.0 440.0 1.0 40.0 1.0
Point 3 784.0 440.0 1.0 41.0 1.0
Point 4 784.0 440.0 1.0 42.0 1.0
Point 5 784.0 440.0 1.0 43.0 1.0
Point 6 784.0 440.0 1.0 44.0 1.0
Point 7 784.0 440.0 1.0 45.0 1.0
Point 8 786.0 440.0 1.0 46.0 1.0
Point 9 786.0 440.0 1.0 47.0 1.0
Point 10 786.0 440.0 1.0 48.0 1.0
Point 11 786.0 440.0 1.0 49.0 1.0
Point 12 786.0 440.0 1.0 50.0 1.0
Point 13 790.0 444.0 1.0 51.0 1.0
Point 14 790.0 444.0 1.0 52.0 1.0
Point 15 790.0 444.0 1.0 53.0 1.0
Point 16 790.0 446.0 1.0 54.0 1.0
Point 17 790.0 446.0 1.0 55.0 1.0
Point 18 790.0 446.0 1.0 56.0 1.0
Point 19 788.0 446.0 1.0 57.0 1.0
Point 20 788.0 446.0 1.0 58.0 1.0
Point 21 790.0 448.0 1.0 59.0 1.0
Point 22 790.0 446.0 1.0 60.0 1.0
Point 23 788.0 446.0 1.0 61.0 1.0
Point 24 788.0 446.0 1.0 62.0 1.0
Point 25 788.0 446.0 1.0 63.0 1.0
Point 26 788.0 446.0 1.0 64.0 1.0
Point 27 790.0 446.0 1.0 65.0 1.0
Point 28 790.0 446.0 1.0 66.0 1.0
Point 29 790.0 446.0 1.0 67.0 1.0
Point 30 790.0 446.0 1.0 68.0 1.0
Point 31 792.0 446.0 1.0 69.0 1.0
Point 32 794.0 446.0 1.0 70.0 1.0
Point 33 792.0 446.0 1.0 71.0 1.0
Point 34 794.0 446.0 1.0 72.0 1.0
Point 35 800.0 446.0 1.0 73.0 1.0
Point 36 800.0 446.0 1.0 74.0 1.0
Point 37 800.0 446.0 1.0 75.0 1.0
Point 38 800.0 446.0 1.0 76.0 1.0
Point 39 800.0 446.0 1.0 77.0 1.0
Point 40 800.0 446.0 1.0 78.0 1.0
Point 41 802.0 446.0 1.0 79.0 1.0
Point 42 802.0 446.0 1.0 80.0 1.0
Point 43 798.0 446.0 1.0 81.0 1.0
Point 44 798.0 446.0 1.0 82.0 1.0
Point 45 798.0 446.0 1.0 83.0 1.0
Point 46 796.0 446.0 1.0 84.0 1.0
Point 47 796.0 446.0 1.0 85.0 1.0
Point 48 796.0 446.0 1.0 86.0 1.0
Point 49 794.0 438.0 1.0 87.0 1.0
Point 50 792.0 438.0 1.0 88.0 1.0
Point 51 792.0 438.0 1.0 89.0 1.0
Point 52 792.0 438.0 1.0 90.0 1.0
Point 53 788.0 434.0 1.0 91.0 1.0
Point 54 788.0 434.0 1.0 92.0 1.0
Point 55 788.0 434.0 1.0 93.0 1.0
Point 56 788.0 434.0 1.0 94.0 1.0
Point 57 788.0 434.0 1.0 95.0 1.0
Point 58 790.0 430.0 1.0 96.0 1.0
Point 59 790.0 430.0 1.0 97.0 1.0
Point 60 794.0 430.0 1.0 98.0 1.0
Point 61 796.0 430.0 1.0 99.0 1.0
Point 62 796.0 432.0 1.0 100.0 1.0
Point 63 796.0 432.0 1.0 101.0 1.0
Point 64 796.0 432.0 1.0 102.0 1.0
Point 65 798.0 432.0 1.0 103.0 1.0
Point 66 798.0 432.0 1.0 104.0 1.0
Point 67 802.0 420.0 1.0 105.0 1.0
Point 68 802.0 420.0 1.0 106.0 1.0
Point 69 802.0 420.0 1.0 107.0 1.0
Point 70 802.0 420.0 1.0 108.0 1.0
Point 71 804.0 420.0 1.0 109.0 1.0
Point 72 804.0 420.0 1.0 110.0 1.0
Point 73 808.0 420.0 1.0 111.0 1.0
Point 74 806.0 420.0 1.0 112.0 1.0
Point 75 808.0 420.0 1.0 113.0 1.0
Point 76 808.0 420.0 1.0 114.0 1.0
Point 77 808.0 420.0 1.0 115.0 1.0
Point 78 808.0 422.0 1.0 116.0 1.0
Point 79 806.0 422.0 1.0 117.0 1.0
Point 80 806.0 422.0 1.0 118.0 1.0
Point 81 806.0 422.0 1.0 119.0 1.0
Point 82 804.0 422.0 1.0 120.0 1.0
Point 83 804.0 422.0 1.0 121.0 1.0
Point 84 804.0 422.0 1.0 122.0 1.0
Point 85 808.0 422.0 1.0 123.0 1.0
Point 86 806.0 420.0 1.0 124.0 1.0
Point 87 804.0 420.0 1.0 125.0 1.0
Point 88 804.0 420.0 1.0 126.0 1.0
Point 89 798.0 418.0 1.0 127.0 1.0
Point 90 794.0 418.0 1.0 128.0 1.0
Point 91 792.0 418.0 1.0 129.0 1.0
Point 92 790.0 416.0 1.0 130.0 1.0
Point 93 786.0 416.0 1.0 131.0 1.0
Point 94 786.0 416.0 1.0 132.0 1.0
Point 95 788.0 418.0 1.0 133.0 1.0
Point 96 792.0 418.0 1.0 134.0 1.0
Point 97 792.0 418.0 1.0 135.0 1.0
Point 98 794.0 418.0 1.0 136.0 1.0
Point 99 800.0 418.0 1.0 137.0 1.0
Point 100 798.0 422.0 1.0 138.0 1.0
Point 101 804.0 422.0 1.0 139.0 1.0
Point 102 806.0 422.0 1.0 140.0 1.0
Point 103 808.0 422.0 1.0 141.0 1.0
Point 104 808.0 424.0 1.0 142.0 1.0
Point 105 810.0 418.0 1.0 143.0 1.0
Point 106 812.0 418.0 1.0 144.0 1.0
Point 107 812.0 418.0 1.0 145.0 1.0
Point 108 812.0 414.0 1.0 146.0 1.0
Point 109 812.0 412.0 1.0 147.0 1.0
Point 110 806.0 410.0 1.0 148.0 1.0
Point 111 802.0 408.0 1.0 149.0 1.0
Point 112 802.0 408.0 1.0 150.0 1.0
Point 113 798.0 408.0 1.0 151.0 1.0
Point 114 798.0 408.0 1.0 152.0 1.0
Point 115 796.0 408.0 1.0 153.0 1.0
Point 116 796.0 406.0 1.0 154.0 1.0
Point 117 790.0 406.0 1.0 155.0 1.0
Point 118 790.0 400.0 1.0 156.0 1.0
Point 119 788.0 396.0 1.0 157.0 1.0
Point 120 784.0 396.0 1.0 158.0 1.0
Point 121 782.0 396.0 1.0 159.0 1.0
Point 122 796.0 396.0 1.0 160.0 1.0
Point 123 800.0 396.0 1.0 161.0 1.0
Point 124 802.0 396.0 1.0 162.0 1.0
Point 125 804.0 396.0 1.0 163.0 1.0
Point 126 804.0 396.0 1.0 164.0 1.0
Point 127 800.0 390.0 1.0 165.0 1.0
Point 128 802.0 390.0 1.0 166.0 1.0
Point 129 802.0 390.0 1.0 167.0 1.0
Point 130 804.0 390.0 1.0 168.0 1.0
Point 131 804.0 390.0 1.0 169.0 1.0
Point 132 806.0 392.0 1.0 170.0 1.0
Point 133 808.0 390.0 1.0 171.0 1.0
Point 134 812.0 388.0 1.0 172.0 1.0
Point 135 814.0 386.0 1.0 173.0 1.0
Point 136 814.0 386.0 1.0 174.0 1.0
Point 137 814.0 386.0 1.0 175.0 1.0
Point 138 812.0 384.0 1.0 176.0 1.0
Point 139 814.0 386.0 1.0 177.0 1.0
Point 140 814.0 386.0 1.0 178.0 1.0
Point 141 814.0 382.0 1.0 179.0 1.0
Point 142 816.0 382.0 1.0 180.0 1.0
Point 143 816.0 382.0 1.0 181.0 1.0
Point 144 816.0 388.0 1.0 182.0 1.0
Point 145 816.0 388.0 1.0 183.0 1.0
Point 146 816.0 386.0 1.0 184.0 1.0
Point 147 814.0 384.0 1.0 185.0 1.0
Point 148 806.0 382.0 1.0 186.0 1.0
Point 149 804.0 382.0 1.0 187.0 1.0
Point 150 802.0 386.0 1.0 188.0 1.0
Point 151 796.0 380.0 1.0 189.0 1.0
Point 152 792.0 378.0 1.0 190.0 1.0
Point 153 788.0 378.0 1.0 191.0 1.0
Point 154 788.0 378.0 1.0 192.0 1.0
Point 155 788.0 378.0 1.0 193.0 1.0
Point 156 788.0 378.0 1.0 194.0 1.0
Point 157 790.0 378.0 1.0 195.0 1.0
Point 158 790.0 380.0 1.0 196.0 1.0
Point 159 790.0 378.0 1.0 197.0 1.0
Point 160 792.0 378.0 1.0 198.0 1.0
Point 161 796.0 374.0 1.0 199.0 1.0
Point 162 796.0 368.0 1.0 200.0 1.0
Point 163 802.0 368.0 1.0 201.0 1.0
Point 164 802.0 368.0 1.0 202.0 1.0
Point 165 808.0 366.0 1.0 203.0 1.0
Point 166 810.0 366.0 1.0 204.0 1.0
Point 167 810.0 364.0 1.0 205.0 1.0
Point 168 810.0 358.0 1.0 206.0 1.0
Point 169 808.0 360.0 1.0 207.0 1.0
Point 170 808.0 360.0 1.0 208.0 1.0
Point 171 804.0 350.0 1.0 209.0 1.0
Point 172 798.0 350.0 1.0 210.0 1.0
Point 173 796.0 346.0 1.0 211.0 1.0
Point 174 794.0 344.0 1.0 212.0 1.0
Point 175 788.0 348.0 1.0 213.0 1.0
Point 176 782.0 346.0 1.0 214.0 1.0
Point 177 782.0 346.0 1.0 215.0 1.0
Point 178 782.0 342.0 1.0 216.0 1.0
Point 179 778.0 342.0 1.0 217.0 1.0
Point 180 778.0 344.0 1.0 218.0 1.0
Point 181 778.0 338.0 1.0 219.0 1.0
Point 182 780.0 332.0 1.0 220.0 1.0
Point 183 784.0 332.0 1.0 221.0 1.0
Point 184 780.0 336.0 1.0 222.0 1.0
Point 185 786.0 332.0 1.0 223.0 1.0
Point 186 786.0 326.0 1.0 224.0 1.0
Point 187 788.0 324.0 1.0 225.0 1.0
Point 188 786.0 324.0 1.0 226.0 1.0
Point 189 788.0 324.0 1.0 227.0 1.0
Point 190 782.0 324.0 1.0 228.0 1.0
Point 191 786.0 324.0 1.0 229.0 1.0
Point 192 786.0 324.0 1.0 230.0 1.0
Point 193 788.0 318.0 1.0 231.0 1.0
Point 194 788.0 318.0 1.0 232.0 1.0
Point 195 786.0 318.0 1.0 233.0 1.0
Point 196 788.0 316.0 1.0 234.0 1.0
Point 197 794.0 316.0 1.0 235.0 1.0
Point 198 804.0 324.0 1.0 236.0 1.0
Point 199 798.0 318.0 1.0 237.0 1.0
Point 200 800.0 316.0 1.0 238.0 1.0
Point 201 800.0 316.0 1.0 239.0 1.0
Point 202 798.0 318.0 1.0 240.0 1.0
Point 203 800.0 316.0 1.0 241.0 1.0
Point 204 802.0 318.0 1.0 242.0 1.0
Point 205 794.0 318.0 1.0 243.0 1.0
Point 206 794.0 318.0 1.0 244.0 1.0
Point 207 794.0 318.0 1.0 245.0 1.0
Point 208 794.0 316.0 1.0 246.0 1.0
Point 209 796.0 316.0 1.0 247.0 1.0
Point 210 792.0 316.0 1.0 248.0 1.0
Point 211 790.0 318.0 1.0 249.0 1.0
Point 212 776.0 316.0 1.0 250.0 1.0
Point 213 772.0 316.0 1.0 251.0 1.0
Point 214 770.0 316.0 1.0 252.0 1.0
Point 215 766.0 314.0 1.0 253.0 1.0
Point 216 766.0 314.0 1.0 254.0 1.0
Point 217 766.0 314.0 1.0 255.0 1.0
Point 218 766.0 314.0 1.0 256.0 1.0
Point 219 770.0 308.0 1.0 257.0 1.0
Point 220 770.0 308.0 1.0 258.0 1.0
Point 221 768.0 302.0 1.0 259.0 1.0
Point 222 768.0 302.0 1.0 260.0 1.0
Point 223 768.0 302.0 1.0 261.0 1.0
Point 224 772.0 302.0 1.0 262.0 1.0
Point 225 774.0 302.0 1.0 263.0 1.0
Point 226 776.0 296.0 1.0 264.0 1.0
Point 227 778.0 294.0 1.0 265.0 1.0
Point 228 784.0 294.0 1.0 266.0 1.0
Point 229 778.0 294.0 1.0 267.0 1.0
Point 230 778.0 292.0 1.0 268.0 1.0
Point 231 772.0 282.0 1.0 269.0 1.0
Point 232 768.0 282.0 1.0 270.0 1.0
Point 233 768.0 280.0 1.0 271.0 1.0
Point 234 768.0 280.0 1.0 272.0 1.0
Point 235 762.0 274.0 1.0 273.0 1.0
Point 236 760.0 274.0 1.0 274.0 1.0
Point 237 754.0 276.0 1.0 275.0 1.0
Point 238 746.0 276.0 1.0 276.0 1.0
Point 239 742.0 276.0 1.0 277.0 1.0
Point 240 738.0 276.0 1.0 278.0 1.0
Point 241 734.0 272.0 1.0 279.0 1.0
Point 242 750.0 278.0 1.0 280.0 1.0
Point 243 744.0 272.0 1.0 281.0 1.0
Point 244 746.0 264.0 1.0 282.0 1.0
Point 245 748.0 260.0 1.0 283.0 1.0
Point 246 750.0 260.0 1.0 284.0 1.0
Point 247 754.0 260.0 1.0 285.0 1.0
Point 248 752.0 256.0 1.0 286.0 1.0
Point 249 746.0 256.0 1.0 287.0 1.0
Point 250 742.0 256.0 1.0 288.0 1.0
Point 251 744.0 256.0 1.0 289.0 1.0
Point 252 744.0 256.0 1.0 290.0 1.0
Point 253 746.0 258.0 1.0 291.0 1.0
Point 254 742.0 258.0 1.0 292.0 1.0
Point 255 742.0 262.0 1.0 293.0 1.0
Point 256 740.0 272.0 1.0 294.0 1.0
Point 257 740.0 272.0 1.0 295.0 1.0
Point 258 740.0 272.0 1.0 296.0 1.0
Point 259 738.0 266.0 1.0 297.0 1.0
Point 260 730.0 262.0 1.0 298.0 1.0
Point 261 732.0 268.0 1.0 299.0 1.0
End of MTrackJ Data File
