MTrackJ 1.5.1 Data File
Displaying true true true 1 2 0 0 100 10 0 0 0 2 1 12 0 true false false false
Assembly 1 FF0000
Cluster 1 FF0000
Track 1 FF0000 true
Point 1 756.0 546.0 1.0 11.0 1.0
Point 2 756.0 546.0 1.0 12.0 1.0
Point 3 758.0 546.0 1.0 13.0 1.0
Point 4 762.0 542.0 1.0 14.0 1.0
Point 5 760.0 542.0 1.0 15.0 1.0
Point 6 762.0 542.0 1.0 16.0 1.0
Point 7 764.0 540.0 1.0 17.0 1.0
Point 8 764.0 542.0 1.0 18.0 1.0
Point 9 762.0 542.0 1.0 19.0 1.0
Point 10 762.0 542.0 1.0 20.0 1.0
Point 11 766.6666666666666 540.6666666666667 1.0 21.0 1.0
Point 12 769.3333333333334 543.3333333333333 1.0 22.0 1.0
Point 13 772.0 538.0 1.0 23.0 1.0
Point 14 776.0 539.3333333333333 1.0 24.0 1.0
Point 15 772.0 542.0 1.0 25.0 1.0
Point 16 778.6666666666666 540.6666666666667 1.0 26.0 1.0
Point 17 778.6666666666666 540.6666666666667 1.0 27.0 1.0
Point 18 781.3333333333334 539.3333333333333 1.0 28.0 1.0
Point 19 781.3333333333334 540.6666666666667 1.0 29.0 1.0
Point 20 781.3333333333334 539.3333333333333 1.0 30.0 1.0
Point 21 782.6666666666666 538.0 1.0 31.0 1.0
Point 22 784.0 538.0 1.0 32.0 1.0
Point 23 780.0 536.6666666666667 1.0 33.0 1.0
Point 24 780.0 539.3333333333333 1.0 34.0 1.0
Point 25 780.0 538.0 1.0 35.0 1.0
Point 26 777.3333333333334 534.0 1.0 36.0 1.0
Point 27 776.0 534.0 1.0 37.0 1.0
Point 28 777.0 538.0 1.0 38.0 1.0
Point 29 776.0 534.0 1.0 39.0 1.0
Point 30 771.0 534.0 1.0 40.0 1.0
Point 31 773.0 538.0 1.0 41.0 1.0
Point 32 767.0 538.0 1.0 42.0 1.0
Point 33 767.0 540.0 1.0 43.0 1.0
Point 34 769.0 538.0 1.0 44.0 1.0
Point 35 767.0 539.0 1.0 45.0 1.0
Point 36 771.0 540.0 1.0 46.0 1.0
Point 37 768.0 539.0 1.0 47.0 1.0
Point 38 765.0 539.0 1.0 48.0 1.0
Point 39 767.0 536.0 1.0 49.0 1.0
Point 40 770.0 538.0 1.0 50.0 1.0
Point 41 774.0 537.0 1.0 51.0 1.0
Point 42 777.0 537.0 1.0 52.0 1.0
Point 43 780.0 540.0 1.0 53.0 1.0
Point 44 784.0 542.0 1.0 54.0 1.0
Point 45 786.0 543.0 1.0 55.0 1.0
Point 46 790.0 544.0 1.0 56.0 1.0
Point 47 790.0 546.0 1.0 57.0 1.0
Point 48 789.0 548.0 1.0 58.0 1.0
Point 49 783.0 544.0 1.0 59.0 1.0
Point 50 784.0 545.0 1.0 60.0 1.0
Point 51 789.0 544.0 1.0 61.0 1.0
Point 52 786.0 541.0 1.0 62.0 1.0
Point 53 785.0 541.0 1.0 63.0 1.0
Point 54 777.0 536.0 1.0 64.0 1.0
Point 55 773.0 538.0 1.0 65.0 1.0
Point 56 770.0 533.0 1.0 66.0 1.0
Point 57 767.0 531.0 1.0 67.0 1.0
Point 58 773.0 530.0 1.0 68.0 1.0
Point 59 767.0 530.0 1.0 69.0 1.0
Point 60 768.0 529.0 1.0 70.0 1.0
Point 61 767.0 531.0 1.0 71.0 1.0
Point 62 766.0 530.0 1.0 72.0 1.0
Point 63 769.0 529.0 1.0 73.0 1.0
Point 64 769.0 531.0 1.0 74.0 1.0
Point 65 772.0 530.0 1.0 75.0 1.0
Point 66 775.0 527.0 1.0 76.0 1.0
Point 67 786.0 524.0 1.0 77.0 1.0
Point 68 787.0 526.0 1.0 78.0 1.0
Point 69 790.0 521.0 1.0 79.0 1.0
Point 70 794.0 520.0 1.0 80.0 1.0
Point 71 800.0 518.0 1.0 81.0 1.0
Point 72 805.0 515.0 1.0 82.0 1.0
Point 73 803.0 515.0 1.0 83.0 1.0
Point 74 808.0 515.0 1.0 84.0 1.0
Point 75 806.0 515.0 1.0 85.0 1.0
Point 76 807.0 518.0 1.0 86.0 1.0
Point 77 807.0 522.0 1.0 87.0 1.0
Point 78 803.0 526.0 1.0 88.0 1.0
Point 79 798.0 530.0 1.0 89.0 1.0
Point 80 793.0 530.0 1.0 90.0 1.0
Point 81 792.0 531.0 1.0 91.0 1.0
Point 82 787.0 532.0 1.0 92.0 1.0
Point 83 781.0 534.0 1.0 93.0 1.0
Point 84 784.0 535.0 1.0 94.0 1.0
Point 85 782.6666666666666 532.3333333333333 1.0 95.0 1.0
Point 86 780.0 529.6666666666667 1.0 96.0 1.0
Point 87 782.6666666666666 529.6666666666667 1.0 97.0 1.0
Point 88 784.0 527.0 1.0 98.0 1.0
Point 89 785.3333333333334 528.3333333333333 1.0 99.0 1.0
Point 90 792.0 527.0 1.0 100.0 1.0
Point 91 801.3333333333334 529.6666666666667 1.0 101.0 1.0
Point 92 804.0 533.6666666666667 1.0 102.0 1.0
Point 93 808.0 539.0 1.0 103.0 1.0
Point 94 820.0 543.0 1.0 104.0 1.0
Point 95 824.0 548.3333333333333 1.0 105.0 1.0
Point 96 833.3333333333334 547.0 1.0 106.0 1.0
Point 97 830.6666666666666 547.0 1.0 107.0 1.0
Point 98 834.6666666666666 541.6666666666667 1.0 108.0 1.0
Point 99 840.0 543.0 1.0 109.0 1.0
Point 100 846.6666666666666 544.3333333333333 1.0 110.0 1.0
Point 101 846.6666666666666 540.3333333333333 1.0 111.0 1.0
Point 102 842.6666666666666 540.3333333333333 1.0 112.0 1.0
Point 103 840.0 537.6666666666667 1.0 113.0 1.0
Point 104 830.6666666666666 535.0 1.0 114.0 1.0
Point 105 826.6666666666666 532.3333333333333 1.0 115.0 1.0
Point 106 820.0 528.3333333333333 1.0 116.0 1.0
Point 107 816.0 524.3333333333333 1.0 117.0 1.0
Point 108 814.6666666666666 519.0 1.0 118.0 1.0
Point 109 808.0 519.0 1.0 119.0 1.0
Point 110 808.0 517.6666666666667 1.0 120.0 1.0
Point 111 802.6666666666666 517.6666666666667 1.0 121.0 1.0
Point 112 802.6666666666666 513.6666666666667 1.0 122.0 1.0
Point 113 804.0 512.3333333333333 1.0 123.0 1.0
Point 114 814.6666666666666 511.0 1.0 124.0 1.0
Point 115 814.6666666666666 508.3333333333333 1.0 125.0 1.0
Point 116 824.0 508.3333333333333 1.0 126.0 1.0
Point 117 829.3333333333334 508.3333333333333 1.0 127.0 1.0
Point 118 841.3333333333334 507.0 1.0 128.0 1.0
Point 119 848.0 500.3333333333333 1.0 129.0 1.0
Point 120 861.3333333333334 499.0 1.0 130.0 1.0
Point 121 874.6666666666666 491.0 1.0 131.0 1.0
Point 122 884.0 489.6666666666667 1.0 132.0 1.0
Point 123 894.6666666666666 488.3333333333333 1.0 133.0 1.0
Point 124 896.0 482.0 1.0 134.0 1.0
Point 125 908.0 478.0 1.0 135.0 1.0
Point 126 918.0 474.0 1.0 136.0 1.0
Point 127 936.0 474.0 1.0 137.0 1.0
Point 128 946.0 472.0 1.0 138.0 1.0
Point 129 958.0 472.0 1.0 139.0 1.0
Point 130 966.0 476.0 1.0 140.0 1.0
Point 131 972.0 484.0 1.0 141.0 1.0
Point 132 962.0 484.0 1.0 142.0 1.0
Point 133 952.0 484.0 1.0 143.0 1.0
Point 134 956.0 480.0 1.0 144.0 1.0
Point 135 946.0 482.0 1.0 145.0 1.0
Point 136 944.0 480.0 1.0 146.0 1.0
Point 137 950.0 474.0 1.0 147.0 1.0
Point 138 934.0 464.0 1.0 148.0 1.0
Point 139 924.0 462.0 1.0 149.0 1.0
Point 140 914.0 462.0 1.0 150.0 1.0
Point 141 900.0 464.0 1.0 151.0 1.0
Point 142 890.0 464.0 1.0 152.0 1.0
Point 143 876.0 456.0 1.0 153.0 1.0
Point 144 880.0 460.0 1.0 154.0 1.0
Point 145 872.0 458.0 1.0 155.0 1.0
Point 146 862.0 456.0 1.0 156.0 1.0
Point 147 854.0 448.0 1.0 157.0 1.0
Point 148 862.0 444.0 1.0 158.0 1.0
Point 149 862.0 436.0 1.0 159.0 1.0
Point 150 872.0 430.0 1.0 160.0 1.0
Point 151 880.0 420.0 1.0 161.0 1.0
Point 152 886.0 420.0 1.0 162.0 1.0
Point 153 892.0 418.0 1.0 163.0 1.0
Point 154 904.0 414.0 1.0 164.0 1.0
Point 155 914.0 402.0 1.0 165.0 1.0
Point 156 926.0 398.0 1.0 166.0 1.0
Point 157 938.0 396.0 1.0 167.0 1.0
Point 158 934.0 382.0 1.0 168.0 1.0
Point 159 938.0 372.0 1.0 169.0 1.0
Point 160 942.0 382.0 1.0 170.0 1.0
Point 161 924.0 362.0 1.0 171.0 1.0
Point 162 914.0 356.0 1.0 172.0 1.0
Point 163 902.0 360.0 1.0 173.0 1.0
Track 2 FFFF00 true
Point 1 762.6666666666666 425.3333333333333 1.0 11.0 1.0
Point 2 762.6666666666666 424.0 1.0 12.0 1.0
Point 3 765.3333333333334 422.6666666666667 1.0 13.0 1.0
Point 4 765.3333333333334 424.0 1.0 14.0 1.0
Point 5 766.0 418.0 1.0 15.0 1.0
Point 6 773.0 420.0 1.0 16.0 1.0
Point 7 772.0 420.0 1.0 17.0 1.0
Point 8 773.0 421.0 1.0 18.0 1.0
Point 9 778.0 421.0 1.0 19.0 1.0
Point 10 779.0 420.0 1.0 20.0 1.0
Point 11 782.0 419.0 1.0 21.0 1.0
Point 12 782.0 420.0 1.0 22.0 1.0
Point 13 784.0 419.0 1.0 23.0 1.0
Point 14 785.0 419.0 1.0 24.0 1.0
Point 15 789.0 420.0 1.0 25.0 1.0
Point 16 791.1666666666667 418.83333333333337 1.0 26.0 1.0
Point 17 791.8333333333333 418.83333333333337 1.0 27.0 1.0
Point 18 793.8333333333333 418.16666666666663 1.0 28.0 1.0
Point 19 797.1666666666667 418.83333333333337 1.0 29.0 1.0
Point 20 799.8333333333333 420.83333333333337 1.0 30.0 1.0
Point 21 797.8333333333333 419.5 1.0 31.0 1.0
Point 22 799.1666666666667 418.16666666666663 1.0 32.0 1.0
Point 23 801.8333333333333 418.83333333333337 1.0 33.0 1.0
Point 24 803.1666666666667 418.83333333333337 1.0 34.0 1.0
Point 25 801.8333333333333 420.16666666666663 1.0 35.0 1.0
Point 26 801.8333333333333 417.5 1.0 36.0 1.0
Point 27 798.5 415.5 1.0 37.0 1.0
Point 28 794.5 415.5 1.0 38.0 1.0
Point 29 792.5 414.16666666666663 1.0 39.0 1.0
Point 30 789.8333333333333 414.16666666666663 1.0 40.0 1.0
Point 31 786.5 414.83333333333337 1.0 41.0 1.0
Point 32 783.8333333333333 414.16666666666663 1.0 42.0 1.0
Point 33 784.5 412.16666666666663 1.0 43.0 1.0
Point 34 779.8333333333333 412.16666666666663 1.0 44.0 1.0
Point 35 778.5 412.83333333333337 1.0 45.0 1.0
Point 36 777.1666666666667 410.83333333333337 1.0 46.0 1.0
Point 37 773.8333333333333 410.83333333333337 1.0 47.0 1.0
Point 38 772.5 408.83333333333337 1.0 48.0 1.0
Point 39 772.5 408.16666666666663 1.0 49.0 1.0
Point 40 770.5 409.5 1.0 50.0 1.0
Point 41 771.1666666666667 406.16666666666663 1.0 51.0 1.0
Point 42 773.1666666666667 404.83333333333337 1.0 52.0 1.0
Point 43 773.1666666666667 403.5 1.0 53.0 1.0
Point 44 776.5 402.83333333333337 1.0 54.0 1.0
Point 45 779.1666666666667 402.83333333333337 1.0 55.0 1.0
Point 46 779.1666666666667 400.16666666666663 1.0 56.0 1.0
Point 47 779.8333333333333 400.83333333333337 1.0 57.0 1.0
Point 48 777.1666666666667 400.16666666666663 1.0 58.0 1.0
Point 49 775.8333333333333 398.83333333333337 1.0 59.0 1.0
Point 50 775.8333333333333 395.5 1.0 60.0 1.0
Point 51 772.5 393.5 1.0 61.0 1.0
Point 52 774.5 391.5 1.0 62.0 1.0
Point 53 774.5 387.5 1.0 63.0 1.0
Point 54 769.1666666666667 388.16666666666663 1.0 64.0 1.0
Point 55 761.8333333333333 388.16666666666663 1.0 65.0 1.0
Point 56 753.1666666666667 384.16666666666663 1.0 66.0 1.0
Point 57 751.1666666666667 380.16666666666663 1.0 67.0 1.0
Point 58 751.8333333333333 377.5 1.0 68.0 1.0
Point 59 753.1666666666667 376.16666666666663 1.0 69.0 1.0
Point 60 757.1666666666667 372.83333333333337 1.0 70.0 1.0
Point 61 756.5 370.16666666666663 1.0 71.0 1.0
Point 62 760.5 368.83333333333337 1.0 72.0 1.0
Point 63 761.8333333333333 367.5 1.0 73.0 1.0
Point 64 766.5 366.8333333333333 1.0 74.0 1.0
Point 65 770.5 363.5 1.0 75.0 1.0
Point 66 780.5 361.5 1.0 76.0 1.0
Point 67 787.8333333333333 359.5 1.0 77.0 1.0
Point 68 788.5 356.1666666666667 1.0 78.0 1.0
Point 69 793.1666666666667 357.5 1.0 79.0 1.0
Point 70 797.1666666666667 354.8333333333333 1.0 80.0 1.0
Point 71 801.1666666666667 355.5 1.0 81.0 1.0
Point 72 810.5 354.1666666666667 1.0 82.0 1.0
Point 73 813.1666666666667 352.1666666666667 1.0 83.0 1.0
Point 74 821.1666666666667 350.1666666666667 1.0 84.0 1.0
Point 75 822.5 344.8333333333333 1.0 85.0 1.0
Point 76 830.5 346.1666666666667 1.0 86.0 1.0
Point 77 831.8333333333333 342.1666666666667 1.0 87.0 1.0
Point 78 837.1666666666667 341.5 1.0 88.0 1.0
Point 79 840.5 338.8333333333333 1.0 89.0 1.0
Point 80 827.8333333333333 340.8333333333333 1.0 90.0 1.0
Point 81 821.8333333333333 339.5 1.0 91.0 1.0
Point 82 815.8333333333333 337.5 1.0 92.0 1.0
Point 83 811.1666666666667 336.1666666666667 1.0 93.0 1.0
Point 84 799.8333333333333 333.5 1.0 94.0 1.0
Point 85 794.5 331.5 1.0 95.0 1.0
Point 86 788.5 326.8333333333333 1.0 96.0 1.0
Point 87 785.8333333333333 320.8333333333333 1.0 97.0 1.0
Point 88 780.5 322.8333333333333 1.0 98.0 1.0
Point 89 787.1666666666667 318.1666666666667 1.0 99.0 1.0
Point 90 788.5 316.1666666666667 1.0 100.0 1.0
Point 91 794.5 312.1666666666667 1.0 101.0 1.0
Point 92 798.5 313.5 1.0 102.0 1.0
Point 93 807.1666666666667 314.1666666666667 1.0 103.0 1.0
Point 94 818.5 314.1666666666667 1.0 104.0 1.0
Point 95 827.8333333333333 312.8333333333333 1.0 105.0 1.0
Point 96 833.1666666666667 312.1666666666667 1.0 106.0 1.0
Point 97 835.8333333333333 308.1666666666667 1.0 107.0 1.0
Point 98 831.8333333333333 306.8333333333333 1.0 108.0 1.0
Point 99 829.1666666666667 300.8333333333333 1.0 109.0 1.0
Point 100 827.1666666666667 296.1666666666667 1.0 110.0 1.0
Point 101 834.5 292.8333333333333 1.0 111.0 1.0
Point 102 837.1666666666667 285.5 1.0 112.0 1.0
Point 103 831.8333333333333 280.8333333333333 1.0 113.0 1.0
Point 104 826.0 276.0 1.0 114.0 1.0
Point 105 813.0 271.0 1.0 115.0 1.0
Point 106 803.0 263.0 1.0 116.0 1.0
Point 107 800.0 249.0 1.0 117.0 1.0
Point 108 802.0 244.0 1.0 118.0 1.0
Point 109 806.0 240.0 1.0 119.0 1.0
Point 110 815.0 231.0 1.0 120.0 1.0
Point 111 809.0 227.0 1.0 121.0 1.0
Point 112 812.0 221.0 1.0 122.0 1.0
Point 113 812.0 215.0 1.0 123.0 1.0
Point 114 822.0 214.0 1.0 124.0 1.0
Point 115 830.0 212.0 1.0 125.0 1.0
Point 116 850.0 207.0 1.0 126.0 1.0
Point 117 855.0 203.0 1.0 127.0 1.0
Point 118 870.0 197.0 1.0 128.0 1.0
Point 119 881.0 192.0 1.0 129.0 1.0
Point 120 889.0 189.0 1.0 130.0 1.0
Point 121 897.0 188.0 1.0 131.0 1.0
Point 122 905.0 181.0 1.0 132.0 1.0
Point 123 915.0 177.0 1.0 133.0 1.0
Point 124 922.0 174.0 1.0 134.0 1.0
Point 125 932.0 171.0 1.0 135.0 1.0
Point 126 949.0 166.0 1.0 136.0 1.0
Point 127 961.0 164.0 1.0 137.0 1.0
Point 128 982.0 151.0 1.0 138.0 1.0
Point 129 994.0 144.0 1.0 139.0 1.0
Point 130 1010.0 137.0 1.0 140.0 1.0
Point 131 1026.0 127.0 1.0 141.0 1.0
Point 132 1037.0 113.0 1.0 142.0 1.0
Point 133 1042.0 105.0 1.0 143.0 1.0
Point 134 1029.0 99.0 1.0 144.0 1.0
Point 135 1006.0 99.0 1.0 145.0 1.0
Point 136 986.0 85.0 1.0 146.0 1.0
Point 137 973.0 75.0 1.0 147.0 1.0
Point 138 970.0 67.0 1.0 148.0 1.0
Point 139 980.0 66.0 1.0 149.0 1.0
Point 140 974.0 63.0 1.0 150.0 1.0
Point 141 966.0 61.0 1.0 151.0 1.0
Point 142 947.0 48.0 1.0 152.0 1.0
Point 143 928.0 37.0 1.0 153.0 1.0
Point 144 913.0 24.0 1.0 154.0 1.0
Point 145 909.0 17.0 1.0 155.0 1.0
End of MTrackJ Data File
